1	2	1
1	3	1
1	4	1
1	5	1
1	6	1
1	15	1
1	16	1
1	17	1
1	18	1
1	19	1
1	20	1
1	21	1
1	22	1
1	23	1
1	24	1
1	25	1
1	26	1
1	43	1
1	44	1
1	45	1
1	46	1
1	47	1
1	48	1
1	57	1
1	58	1
1	59	1
1	60	1
1	61	1
1	62	1
1	63	1
1	64	1
1	65	1
1	66	1
1	67	1
1	68	1
2	3	1
2	4	1
2	5	1
2	6	1
2	15	1
2	16	1
2	17	1
2	18	1
2	19	1
2	20	1
2	21	1
2	22	1
2	23	1
2	24	1
2	25	1
2	26	1
2	43	1
2	44	1
2	45	1
2	46	1
2	47	1
2	48	1
2	57	1
2	58	1
2	59	1
2	60	1
2	61	1
2	62	1
2	63	1
2	64	1
2	65	1
2	66	1
2	67	1
2	68	1
3	4	1
3	5	1
3	6	1
3	15	1
3	16	1
3	17	1
3	18	1
3	19	1
3	20	1
3	21	1
3	22	1
3	23	1
3	24	1
3	25	1
3	26	1
3	43	1
3	44	1
3	45	1
3	46	1
3	47	1
3	48	1
3	57	1
3	58	1
3	59	1
3	60	1
3	61	1
3	62	1
3	63	1
3	64	1
3	65	1
3	66	1
3	67	1
3	68	1
4	5	1
4	6	1
4	15	1
4	16	1
4	17	1
4	18	1
4	19	1
4	20	1
4	21	1
4	22	1
4	23	1
4	24	1
4	25	1
4	26	1
4	43	1
4	44	1
4	45	1
4	46	1
4	47	1
4	48	1
4	57	1
4	58	1
4	59	1
4	60	1
4	61	1
4	62	1
4	63	1
4	64	1
4	65	1
4	66	1
4	67	1
4	68	1
5	6	1
5	15	1
5	16	1
5	17	1
5	18	1
5	19	1
5	20	1
5	21	1
5	22	1
5	23	1
5	24	1
5	25	1
5	26	1
5	43	1
5	44	1
5	45	1
5	46	1
5	47	1
5	48	1
5	57	1
5	58	1
5	59	1
5	60	1
5	61	1
5	62	1
5	63	1
5	64	1
5	65	1
5	66	1
5	67	1
5	68	1
6	15	1
6	16	1
6	17	1
6	18	1
6	19	1
6	20	1
6	21	1
6	22	1
6	23	1
6	24	1
6	25	1
6	26	1
6	43	1
6	44	1
6	45	1
6	46	1
6	47	1
6	48	1
6	57	1
6	58	1
6	59	1
6	60	1
6	61	1
6	62	1
6	63	1
6	64	1
6	65	1
6	66	1
6	67	1
6	68	1
15	16	1
15	17	1
15	18	1
15	19	1
15	20	1
15	21	1
15	22	1
15	23	1
15	24	1
15	25	1
15	26	1
15	43	1
15	44	1
15	45	1
15	46	1
15	47	1
15	48	1
15	57	1
15	58	1
15	59	1
15	60	1
15	61	1
15	62	1
15	63	1
15	64	1
15	65	1
15	66	1
15	67	1
15	68	1
16	17	1
16	18	1
16	19	1
16	20	1
16	21	1
16	22	1
16	23	1
16	24	1
16	25	1
16	26	1
16	43	1
16	44	1
16	45	1
16	46	1
16	47	1
16	48	1
16	57	1
16	58	1
16	59	1
16	60	1
16	61	1
16	62	1
16	63	1
16	64	1
16	65	1
16	66	1
16	67	1
16	68	1
17	18	1
17	19	1
17	20	1
17	21	1
17	22	1
17	23	1
17	24	1
17	25	1
17	26	1
17	43	1
17	44	1
17	45	1
17	46	1
17	47	1
17	48	1
17	57	1
17	58	1
17	59	1
17	60	1
17	61	1
17	62	1
17	63	1
17	64	1
17	65	1
17	66	1
17	67	1
17	68	1
18	19	1
18	20	1
18	21	1
18	22	1
18	23	1
18	24	1
18	25	1
18	26	1
18	43	1
18	44	1
18	45	1
18	46	1
18	47	1
18	48	1
18	57	1
18	58	1
18	59	1
18	60	1
18	61	1
18	62	1
18	63	1
18	64	1
18	65	1
18	66	1
18	67	1
18	68	1
19	20	1
19	21	1
19	22	1
19	23	1
19	24	1
19	25	1
19	26	1
19	43	1
19	44	1
19	45	1
19	46	1
19	47	1
19	48	1
19	57	1
19	58	1
19	59	1
19	60	1
19	61	1
19	62	1
19	63	1
19	64	1
19	65	1
19	66	1
19	67	1
19	68	1
20	21	1
20	22	1
20	23	1
20	24	1
20	25	1
20	26	1
20	43	1
20	44	1
20	45	1
20	46	1
20	47	1
20	48	1
20	57	1
20	58	1
20	59	1
20	60	1
20	61	1
20	62	1
20	63	1
20	64	1
20	65	1
20	66	1
20	67	1
20	68	1
21	22	1
21	23	1
21	24	1
21	25	1
21	26	1
21	43	1
21	44	1
21	45	1
21	46	1
21	47	1
21	48	1
21	57	1
21	58	1
21	59	1
21	60	1
21	61	1
21	62	1
21	63	1
21	64	1
21	65	1
21	66	1
21	67	1
21	68	1
22	23	1
22	24	1
22	25	1
22	26	1
22	43	1
22	44	1
22	45	1
22	46	1
22	47	1
22	48	1
22	57	1
22	58	1
22	59	1
22	60	1
22	61	1
22	62	1
22	63	1
22	64	1
22	65	1
22	66	1
22	67	1
22	68	1
23	24	1
23	25	1
23	26	1
23	43	1
23	44	1
23	45	1
23	46	1
23	47	1
23	48	1
23	57	1
23	58	1
23	59	1
23	60	1
23	61	1
23	62	1
23	63	1
23	64	1
23	65	1
23	66	1
23	67	1
23	68	1
24	25	1
24	26	1
24	43	1
24	44	1
24	45	1
24	46	1
24	47	1
24	48	1
24	57	1
24	58	1
24	59	1
24	60	1
24	61	1
24	62	1
24	63	1
24	64	1
24	65	1
24	66	1
24	67	1
24	68	1
25	26	1
25	43	1
25	44	1
25	45	1
25	46	1
25	47	1
25	48	1
25	57	1
25	58	1
25	59	1
25	60	1
25	61	1
25	62	1
25	63	1
25	64	1
25	65	1
25	66	1
25	67	1
25	68	1
26	43	1
26	44	1
26	45	1
26	46	1
26	47	1
26	48	1
26	57	1
26	58	1
26	59	1
26	60	1
26	61	1
26	62	1
26	63	1
26	64	1
26	65	1
26	66	1
26	67	1
26	68	1
43	44	1
43	45	1
43	46	1
43	47	1
43	48	1
43	57	1
43	58	1
43	59	1
43	60	1
43	61	1
43	62	1
43	63	1
43	64	1
43	65	1
43	66	1
43	67	1
43	68	1
44	45	1
44	46	1
44	47	1
44	48	1
44	57	1
44	58	1
44	59	1
44	60	1
44	61	1
44	62	1
44	63	1
44	64	1
44	65	1
44	66	1
44	67	1
44	68	1
45	46	1
45	47	1
45	48	1
45	57	1
45	58	1
45	59	1
45	60	1
45	61	1
45	62	1
45	63	1
45	64	1
45	65	1
45	66	1
45	67	1
45	68	1
46	47	1
46	48	1
46	57	1
46	58	1
46	59	1
46	60	1
46	61	1
46	62	1
46	63	1
46	64	1
46	65	1
46	66	1
46	67	1
46	68	1
47	48	1
47	57	1
47	58	1
47	59	1
47	60	1
47	61	1
47	62	1
47	63	1
47	64	1
47	65	1
47	66	1
47	67	1
47	68	1
48	57	1
48	58	1
48	59	1
48	60	1
48	61	1
48	62	1
48	63	1
48	64	1
48	65	1
48	66	1
48	67	1
48	68	1
57	58	1
57	59	1
57	60	1
57	61	1
57	62	1
57	63	1
57	64	1
57	65	1
57	66	1
57	67	1
57	68	1
58	59	1
58	60	1
58	61	1
58	62	1
58	63	1
58	64	1
58	65	1
58	66	1
58	67	1
58	68	1
59	60	1
59	61	1
59	62	1
59	63	1
59	64	1
59	65	1
59	66	1
59	67	1
59	68	1
60	61	1
60	62	1
60	63	1
60	64	1
60	65	1
60	66	1
60	67	1
60	68	1
61	62	1
61	63	1
61	64	1
61	65	1
61	66	1
61	67	1
61	68	1
62	63	1
62	64	1
62	65	1
62	66	1
62	67	1
62	68	1
63	64	1
63	65	1
63	66	1
63	67	1
63	68	1
64	65	1
64	66	1
64	67	1
64	68	1
65	66	1
65	67	1
65	68	1
66	67	1
66	68	1
67	68	1
7	8	1
7	9	1
7	10	1
7	11	1
7	12	1
7	13	1
7	14	1
7	27	1
7	28	1
7	29	1
7	30	1
7	31	1
7	32	1
7	33	1
7	34	1
7	35	1
7	36	1
7	37	1
7	38	1
7	39	1
7	40	1
7	41	1
7	42	1
7	49	1
7	50	1
7	51	1
7	52	1
7	53	1
7	54	1
7	55	1
7	56	1
7	69	1
7	70	1
7	71	1
7	72	1
7	73	1
7	74	1
7	75	1
7	76	1
7	77	1
7	78	1
7	79	1
7	80	1
7	81	1
7	82	1
7	83	1
7	84	1
8	9	1
8	10	1
8	11	1
8	12	1
8	13	1
8	14	1
8	27	1
8	28	1
8	29	1
8	30	1
8	31	1
8	32	1
8	33	1
8	34	1
8	35	1
8	36	1
8	37	1
8	38	1
8	39	1
8	40	1
8	41	1
8	42	1
8	49	1
8	50	1
8	51	1
8	52	1
8	53	1
8	54	1
8	55	1
8	56	1
8	69	1
8	70	1
8	71	1
8	72	1
8	73	1
8	74	1
8	75	1
8	76	1
8	77	1
8	78	1
8	79	1
8	80	1
8	81	1
8	82	1
8	83	1
8	84	1
9	10	1
9	11	1
9	12	1
9	13	1
9	14	1
9	27	1
9	28	1
9	29	1
9	30	1
9	31	1
9	32	1
9	33	1
9	34	1
9	35	1
9	36	1
9	37	1
9	38	1
9	39	1
9	40	1
9	41	1
9	42	1
9	49	1
9	50	1
9	51	1
9	52	1
9	53	1
9	54	1
9	55	1
9	56	1
9	69	1
9	70	1
9	71	1
9	72	1
9	73	1
9	74	1
9	75	1
9	76	1
9	77	1
9	78	1
9	79	1
9	80	1
9	81	1
9	82	1
9	83	1
9	84	1
10	11	1
10	12	1
10	13	1
10	14	1
10	27	1
10	28	1
10	29	1
10	30	1
10	31	1
10	32	1
10	33	1
10	34	1
10	35	1
10	36	1
10	37	1
10	38	1
10	39	1
10	40	1
10	41	1
10	42	1
10	49	1
10	50	1
10	51	1
10	52	1
10	53	1
10	54	1
10	55	1
10	56	1
10	69	1
10	70	1
10	71	1
10	72	1
10	73	1
10	74	1
10	75	1
10	76	1
10	77	1
10	78	1
10	79	1
10	80	1
10	81	1
10	82	1
10	83	1
10	84	1
11	12	1
11	13	1
11	14	1
11	27	1
11	28	1
11	29	1
11	30	1
11	31	1
11	32	1
11	33	1
11	34	1
11	35	1
11	36	1
11	37	1
11	38	1
11	39	1
11	40	1
11	41	1
11	42	1
11	49	1
11	50	1
11	51	1
11	52	1
11	53	1
11	54	1
11	55	1
11	56	1
11	69	1
11	70	1
11	71	1
11	72	1
11	73	1
11	74	1
11	75	1
11	76	1
11	77	1
11	78	1
11	79	1
11	80	1
11	81	1
11	82	1
11	83	1
11	84	1
12	13	1
12	14	1
12	27	1
12	28	1
12	29	1
12	30	1
12	31	1
12	32	1
12	33	1
12	34	1
12	35	1
12	36	1
12	37	1
12	38	1
12	39	1
12	40	1
12	41	1
12	42	1
12	49	1
12	50	1
12	51	1
12	52	1
12	53	1
12	54	1
12	55	1
12	56	1
12	69	1
12	70	1
12	71	1
12	72	1
12	73	1
12	74	1
12	75	1
12	76	1
12	77	1
12	78	1
12	79	1
12	80	1
12	81	1
12	82	1
12	83	1
12	84	1
13	14	1
13	27	1
13	28	1
13	29	1
13	30	1
13	31	1
13	32	1
13	33	1
13	34	1
13	35	1
13	36	1
13	37	1
13	38	1
13	39	1
13	40	1
13	41	1
13	42	1
13	49	1
13	50	1
13	51	1
13	52	1
13	53	1
13	54	1
13	55	1
13	56	1
13	69	1
13	70	1
13	71	1
13	72	1
13	73	1
13	74	1
13	75	1
13	76	1
13	77	1
13	78	1
13	79	1
13	80	1
13	81	1
13	82	1
13	83	1
13	84	1
14	27	1
14	28	1
14	29	1
14	30	1
14	31	1
14	32	1
14	33	1
14	34	1
14	35	1
14	36	1
14	37	1
14	38	1
14	39	1
14	40	1
14	41	1
14	42	1
14	49	1
14	50	1
14	51	1
14	52	1
14	53	1
14	54	1
14	55	1
14	56	1
14	69	1
14	70	1
14	71	1
14	72	1
14	73	1
14	74	1
14	75	1
14	76	1
14	77	1
14	78	1
14	79	1
14	80	1
14	81	1
14	82	1
14	83	1
14	84	1
27	28	1
27	29	1
27	30	1
27	31	1
27	32	1
27	33	1
27	34	1
27	35	1
27	36	1
27	37	1
27	38	1
27	39	1
27	40	1
27	41	1
27	42	1
27	49	1
27	50	1
27	51	1
27	52	1
27	53	1
27	54	1
27	55	1
27	56	1
27	69	1
27	70	1
27	71	1
27	72	1
27	73	1
27	74	1
27	75	1
27	76	1
27	77	1
27	78	1
27	79	1
27	80	1
27	81	1
27	82	1
27	83	1
27	84	1
28	29	1
28	30	1
28	31	1
28	32	1
28	33	1
28	34	1
28	35	1
28	36	1
28	37	1
28	38	1
28	39	1
28	40	1
28	41	1
28	42	1
28	49	1
28	50	1
28	51	1
28	52	1
28	53	1
28	54	1
28	55	1
28	56	1
28	69	1
28	70	1
28	71	1
28	72	1
28	73	1
28	74	1
28	75	1
28	76	1
28	77	1
28	78	1
28	79	1
28	80	1
28	81	1
28	82	1
28	83	1
28	84	1
29	30	1
29	31	1
29	32	1
29	33	1
29	34	1
29	35	1
29	36	1
29	37	1
29	38	1
29	39	1
29	40	1
29	41	1
29	42	1
29	49	1
29	50	1
29	51	1
29	52	1
29	53	1
29	54	1
29	55	1
29	56	1
29	69	1
29	70	1
29	71	1
29	72	1
29	73	1
29	74	1
29	75	1
29	76	1
29	77	1
29	78	1
29	79	1
29	80	1
29	81	1
29	82	1
29	83	1
29	84	1
30	31	1
30	32	1
30	33	1
30	34	1
30	35	1
30	36	1
30	37	1
30	38	1
30	39	1
30	40	1
30	41	1
30	42	1
30	49	1
30	50	1
30	51	1
30	52	1
30	53	1
30	54	1
30	55	1
30	56	1
30	69	1
30	70	1
30	71	1
30	72	1
30	73	1
30	74	1
30	75	1
30	76	1
30	77	1
30	78	1
30	79	1
30	80	1
30	81	1
30	82	1
30	83	1
30	84	1
31	32	1
31	33	1
31	34	1
31	35	1
31	36	1
31	37	1
31	38	1
31	39	1
31	40	1
31	41	1
31	42	1
31	49	1
31	50	1
31	51	1
31	52	1
31	53	1
31	54	1
31	55	1
31	56	1
31	69	1
31	70	1
31	71	1
31	72	1
31	73	1
31	74	1
31	75	1
31	76	1
31	77	1
31	78	1
31	79	1
31	80	1
31	81	1
31	82	1
31	83	1
31	84	1
32	33	1
32	34	1
32	35	1
32	36	1
32	37	1
32	38	1
32	39	1
32	40	1
32	41	1
32	42	1
32	49	1
32	50	1
32	51	1
32	52	1
32	53	1
32	54	1
32	55	1
32	56	1
32	69	1
32	70	1
32	71	1
32	72	1
32	73	1
32	74	1
32	75	1
32	76	1
32	77	1
32	78	1
32	79	1
32	80	1
32	81	1
32	82	1
32	83	1
32	84	1
33	34	1
33	35	1
33	36	1
33	37	1
33	38	1
33	39	1
33	40	1
33	41	1
33	42	1
33	49	1
33	50	1
33	51	1
33	52	1
33	53	1
33	54	1
33	55	1
33	56	1
33	69	1
33	70	1
33	71	1
33	72	1
33	73	1
33	74	1
33	75	1
33	76	1
33	77	1
33	78	1
33	79	1
33	80	1
33	81	1
33	82	1
33	83	1
33	84	1
34	35	1
34	36	1
34	37	1
34	38	1
34	39	1
34	40	1
34	41	1
34	42	1
34	49	1
34	50	1
34	51	1
34	52	1
34	53	1
34	54	1
34	55	1
34	56	1
34	69	1
34	70	1
34	71	1
34	72	1
34	73	1
34	74	1
34	75	1
34	76	1
34	77	1
34	78	1
34	79	1
34	80	1
34	81	1
34	82	1
34	83	1
34	84	1
35	36	1
35	37	1
35	38	1
35	39	1
35	40	1
35	41	1
35	42	1
35	49	1
35	50	1
35	51	1
35	52	1
35	53	1
35	54	1
35	55	1
35	56	1
35	69	1
35	70	1
35	71	1
35	72	1
35	73	1
35	74	1
35	75	1
35	76	1
35	77	1
35	78	1
35	79	1
35	80	1
35	81	1
35	82	1
35	83	1
35	84	1
36	37	1
36	38	1
36	39	1
36	40	1
36	41	1
36	42	1
36	49	1
36	50	1
36	51	1
36	52	1
36	53	1
36	54	1
36	55	1
36	56	1
36	69	1
36	70	1
36	71	1
36	72	1
36	73	1
36	74	1
36	75	1
36	76	1
36	77	1
36	78	1
36	79	1
36	80	1
36	81	1
36	82	1
36	83	1
36	84	1
37	38	1
37	39	1
37	40	1
37	41	1
37	42	1
37	49	1
37	50	1
37	51	1
37	52	1
37	53	1
37	54	1
37	55	1
37	56	1
37	69	1
37	70	1
37	71	1
37	72	1
37	73	1
37	74	1
37	75	1
37	76	1
37	77	1
37	78	1
37	79	1
37	80	1
37	81	1
37	82	1
37	83	1
37	84	1
38	39	1
38	40	1
38	41	1
38	42	1
38	49	1
38	50	1
38	51	1
38	52	1
38	53	1
38	54	1
38	55	1
38	56	1
38	69	1
38	70	1
38	71	1
38	72	1
38	73	1
38	74	1
38	75	1
38	76	1
38	77	1
38	78	1
38	79	1
38	80	1
38	81	1
38	82	1
38	83	1
38	84	1
39	40	1
39	41	1
39	42	1
39	49	1
39	50	1
39	51	1
39	52	1
39	53	1
39	54	1
39	55	1
39	56	1
39	69	1
39	70	1
39	71	1
39	72	1
39	73	1
39	74	1
39	75	1
39	76	1
39	77	1
39	78	1
39	79	1
39	80	1
39	81	1
39	82	1
39	83	1
39	84	1
40	41	1
40	42	1
40	49	1
40	50	1
40	51	1
40	52	1
40	53	1
40	54	1
40	55	1
40	56	1
40	69	1
40	70	1
40	71	1
40	72	1
40	73	1
40	74	1
40	75	1
40	76	1
40	77	1
40	78	1
40	79	1
40	80	1
40	81	1
40	82	1
40	83	1
40	84	1
41	42	1
41	49	1
41	50	1
41	51	1
41	52	1
41	53	1
41	54	1
41	55	1
41	56	1
41	69	1
41	70	1
41	71	1
41	72	1
41	73	1
41	74	1
41	75	1
41	76	1
41	77	1
41	78	1
41	79	1
41	80	1
41	81	1
41	82	1
41	83	1
41	84	1
42	49	1
42	50	1
42	51	1
42	52	1
42	53	1
42	54	1
42	55	1
42	56	1
42	69	1
42	70	1
42	71	1
42	72	1
42	73	1
42	74	1
42	75	1
42	76	1
42	77	1
42	78	1
42	79	1
42	80	1
42	81	1
42	82	1
42	83	1
42	84	1
49	50	1
49	51	1
49	52	1
49	53	1
49	54	1
49	55	1
49	56	1
49	69	1
49	70	1
49	71	1
49	72	1
49	73	1
49	74	1
49	75	1
49	76	1
49	77	1
49	78	1
49	79	1
49	80	1
49	81	1
49	82	1
49	83	1
49	84	1
50	51	1
50	52	1
50	53	1
50	54	1
50	55	1
50	56	1
50	69	1
50	70	1
50	71	1
50	72	1
50	73	1
50	74	1
50	75	1
50	76	1
50	77	1
50	78	1
50	79	1
50	80	1
50	81	1
50	82	1
50	83	1
50	84	1
51	52	1
51	53	1
51	54	1
51	55	1
51	56	1
51	69	1
51	70	1
51	71	1
51	72	1
51	73	1
51	74	1
51	75	1
51	76	1
51	77	1
51	78	1
51	79	1
51	80	1
51	81	1
51	82	1
51	83	1
51	84	1
52	53	1
52	54	1
52	55	1
52	56	1
52	69	1
52	70	1
52	71	1
52	72	1
52	73	1
52	74	1
52	75	1
52	76	1
52	77	1
52	78	1
52	79	1
52	80	1
52	81	1
52	82	1
52	83	1
52	84	1
53	54	1
53	55	1
53	56	1
53	69	1
53	70	1
53	71	1
53	72	1
53	73	1
53	74	1
53	75	1
53	76	1
53	77	1
53	78	1
53	79	1
53	80	1
53	81	1
53	82	1
53	83	1
53	84	1
54	55	1
54	56	1
54	69	1
54	70	1
54	71	1
54	72	1
54	73	1
54	74	1
54	75	1
54	76	1
54	77	1
54	78	1
54	79	1
54	80	1
54	81	1
54	82	1
54	83	1
54	84	1
55	56	1
55	69	1
55	70	1
55	71	1
55	72	1
55	73	1
55	74	1
55	75	1
55	76	1
55	77	1
55	78	1
55	79	1
55	80	1
55	81	1
55	82	1
55	83	1
55	84	1
56	69	1
56	70	1
56	71	1
56	72	1
56	73	1
56	74	1
56	75	1
56	76	1
56	77	1
56	78	1
56	79	1
56	80	1
56	81	1
56	82	1
56	83	1
56	84	1
69	70	1
69	71	1
69	72	1
69	73	1
69	74	1
69	75	1
69	76	1
69	77	1
69	78	1
69	79	1
69	80	1
69	81	1
69	82	1
69	83	1
69	84	1
70	71	1
70	72	1
70	73	1
70	74	1
70	75	1
70	76	1
70	77	1
70	78	1
70	79	1
70	80	1
70	81	1
70	82	1
70	83	1
70	84	1
71	72	1
71	73	1
71	74	1
71	75	1
71	76	1
71	77	1
71	78	1
71	79	1
71	80	1
71	81	1
71	82	1
71	83	1
71	84	1
72	73	1
72	74	1
72	75	1
72	76	1
72	77	1
72	78	1
72	79	1
72	80	1
72	81	1
72	82	1
72	83	1
72	84	1
73	74	1
73	75	1
73	76	1
73	77	1
73	78	1
73	79	1
73	80	1
73	81	1
73	82	1
73	83	1
73	84	1
74	75	1
74	76	1
74	77	1
74	78	1
74	79	1
74	80	1
74	81	1
74	82	1
74	83	1
74	84	1
75	76	1
75	77	1
75	78	1
75	79	1
75	80	1
75	81	1
75	82	1
75	83	1
75	84	1
76	77	1
76	78	1
76	79	1
76	80	1
76	81	1
76	82	1
76	83	1
76	84	1
77	78	1
77	79	1
77	80	1
77	81	1
77	82	1
77	83	1
77	84	1
78	79	1
78	80	1
78	81	1
78	82	1
78	83	1
78	84	1
79	80	1
79	81	1
79	82	1
79	83	1
79	84	1
80	81	1
80	82	1
80	83	1
80	84	1
81	82	1
81	83	1
81	84	1
82	83	1
82	84	1
83	84	1
