"x"
94255
17315
17307
17320
213789
17310
17317
17308
27817
138931
101306
101305
101317
142864
101315
101311
142858
20333
167982
188134
228269
75093
181515
45141
77779
57226
57238
77828
57257
45135
57195
57196
29525
238151
57210
133927
133928
133929
133932
133933
135065
29215
29214
29227
213794
213795
171051
34533
249594
33887
227190
172354
52818
228285
52810
27453
52797
172503
27448
52796
45545
27447
44315
171059
205235
49152
27910
49143
54512
49132
27909
49121
49119
96129
45238
96572
96576
96587
50090
96718
45242
96735
95987
16794
96135
50084
50085
16803
171076
45234
171077
96447
96518
95014
94947
50035
95045
95048
94666
50027
94753
94755
94763
23970
94786
94834
94843
94865
94964
171068
101531
101525
19794
101520
101541
141647
134011
134012
135668
135664
135665
135666
135673
99564
45415
79415
187795
187803
187817
99539
99537
99547
99992
135719
135718
135714
135711
135709
135708
39315
135705
135702
173053
56622
225027
225116
225115
224228
199026
56466
102192
178478
224987
225079
56014
225074
171073
133184
77308
53425
53429
44665
53438
53410
31865
77299
53419
23322
40374
171078
45560
17256
17257
17255
49088
28997
28996
55319
45212
32133
95856
51666
95079
133066
95170
45202
45207
50076
50077
95490
95574
212332
78895
78877
24422
38448
78684
78664
78587
78556
40438
52294
40440
135478
135477
171089
227192
227843
227193
168299
102225
102229
102233
168416
102246
168532
168535
151642
15846
15849
132739
151960
132763
139421
139428
134500
134498
134493
134488
134487
134486
134484
134481
134491
99922
135129
135130
45440
70502
136013
136016
136021
134571
99339
134574
134575
168106
45320
168110
168113
101930
101934
168126
168134
168139
168145
168156
168166
168182
168187
168242
168264
101960
101964
101965
101973
101976
174383
54089
54113
186326
44683
186332
173997
54081
54084
44685
186333
171103
54105
135973
135969
135975
28675
141185
135881
135878
135871
135870
135868
135867
135866
135864
135863
135862
135860
135858
135857
135856
135854
135853
135850
135849
135848
135843
135842
135841
135838
135837
135836
135834
135901
135897
135896
135895
135894
135892
135891
135890
135889
135887
135877
96804
96795
96774
96857
182785
24284
176785
213814
134525
134528
134529
134531
134532
134533
134539
134541
134544
134546
134547
29018
48850
29012
26916
26915
168574
168578
168579
78376
171108
78392
21891
21885
134186
134191
134190
101679
168592
101674
168597
168611
101691
101692
168622
101700
168627
101705
168629
168630
101708
168633
168636
168637
101711
168640
263045
134823
134794
34261
134793
134792
134796
134795
171115
227846
172176
171117
143046
143051
143054
171109
142975
142980
142985
142986
168775
168782
143004
143008
143014
143015
168793
143023
58186
58105
58047
57958
58245
134812
134813
134814
48194
134802
134805
134807
134809
134810
134811
134626
134627
102034
134423
134428
134422
134424
102039
102045
134426
102049
45384
36222
226087
138927
28944
28953
28956
28950
28948
28957
28984
171126
134771
134769
134767
134765
134775
198308
214486
22858
187363
22852
183044
133152
22872
136231
136232
168821
168823
15309
15310
15307
53154
21860
39354
229744
27645
27641
77971
77983
18174
67648
168880
136636
175694
264422
18506
18505
51914
51909
51905
172177
51892
45273
51876
23660
175149
51862
165560
51861
51849
51846
179223
51839
45725
175160
51815
214490
51808
51792
45267
51783
51780
45266
171137
51778
174763
212928
51755
51752
51737
51726
23647
51715
51711
174776
51707
174779
45263
174783
222144
51676
51983
175199
171141
51976
51977
51967
51961
171142
171143
179362
51960
51962
51954
51945
51938
51935
51930
51928
51926
51747
51814
19583
45185
31742
171148
50293
135314
48180
135316
18062
21932
171127
53817
21935
21936
78451
189357
104324
104329
104333
134654
134653
27626
48924
48922
27628
21796
186418
21794
21795
54216
45341
54183
54253
186427
54210
54251
16979
100089
100072
100067
168912
100054
138456
100038
100150
168940
100147
100102
168972
100074
100103
135689
135691
135693
135697
20038
20039
39429
29104
48956
28369
28368
28372
48968
53770
28363
28379
48976
48983
48982
48988
48992
28367
48995
28365
28366
28381
28382
28370
49020
49024
49025
49029
49028
49032
49033
28383
23032
241375
131514
66247
66523
46290
65797
65926
65937
139506
140271
247439
136512
66467
66469
151059
46817
67566
246789
65713
65732
65734
49980
65761
65776
46294
65784
46295
65837
65861
183693
46324
150997
140257
65898
46326
151253
150784
49983
65942
46340
65946
46342
65970
65994
66011
66017
66021
234718
66034
137467
46363
66038
66047
140261
46373
180588
66103
131548
66129
49985
66149
46408
46419
46423
66256
231871
66257
140263
66260
46442
66284
49988
222309
136527
66345
46466
66346
66351
66358
66400
46492
46498
46506
66481
139515
46514
136529
46535
46541
46545
66580
46546
49995
66595
66604
46553
66620
66622
46567
183894
46572
49997
46593
46595
50000
136528
46626
66909
66917
46642
50001
66985
234933
234934
102755
46658
67021
46666
67040
96969
131696
67086
246802
46681
67098
152234
96978
50003
50004
46698
67203
67227
67262
67270
131716
67274
67294
46739
50008
50009
67365
46749
24386
46776
67458
140276
46783
46785
46788
67494
67552
67551
67563
50011
67576
184093
46822
46275
65711
49979
179464
52252
179471
175442
45304
29157
52214
52202
52197
175594
52190
52182
52162
175600
45303
179536
52150
52149
52147
52144
186481
52127
171162
52123
52120
165566
52116
52115
52111
175611
29131
29136
29164
179588
52092
29159
52071
52070
175624
52060
29137
175481
29150
52055
29134
29146
29144
52045
52044
29130
52034
29129
52023
136674
52008
29128
29126
29141
51992
51987
52287
52286
179672
29127
179683
52262
186513
52208
52176
52122
51997
45929
101163
19391
135915
135937
135938
135939
135940
135941
135944
135946
135948
135952
135953
135955
135956
135958
135960
135961
135963
135964
135965
135902
135903
135904
135906
135910
135911
135912
135913
135914
135916
135917
135919
135920
135921
135922
135923
135927
135929
135930
135933
134385
134371
134380
134383
134384
134387
134388
134389
134390
134378
102156
102152
33370
176122
51604
171173
44771
175982
51564
44746
51536
44742
44739
51525
51521
44729
176130
51491
175988
31479
171182
27495
134756
134758
134751
134752
49251
242115
188642
169179
134082
134081
134078
58546
50164
58303
58315
58822
76101
27436
227853
59293
136089
27443
58403
58901
58419
59189
50176
58442
50177
58665
59148
58666
58629
58633
59122
50184
50185
100967
100966
100963
100958
169241
169249
169257
100970
134641
134640
134637
134645
21096
45281
244978
135484
77012
23505
27395
27386
27404
52759
151677
79203
230767
184776
70268
70256
46229
70235
70228
131381
46219
46216
222647
70182
46210
70148
70147
222650
46199
46198
70077
70074
46196
70073
70070
70063
46185
242767
140254
97112
50269
46171
50267
50266
69960
69929
46163
69918
69912
69902
50265
69888
69877
46152
46154
69854
131248
32714
69812
69807
140250
46121
50260
69689
69676
69654
32711
69645
46099
69624
32710
69597
69593
50257
50256
69512
69497
32709
46063
50253
69422
69355
46045
69331
69324
50250
69271
46031
213323
32720
46029
50249
69234
69228
140246
69207
50248
69194
69175
46010
69128
50247
45997
69091
69063
69038
245047
45979
68945
50244
45972
45971
68925
68897
68894
185067
242800
68810
246823
50242
68780
70438
70410
185093
140243
139803
50274
70339
46242
70309
70302
46230
46217
151172
46137
69447
46005
46006
32732
69098
32700
97024
68813
70412
46257
70358
70323
140240
44584
133666
133652
134580
134581
171192
172182
53485
53486
53488
171194
28456
28460
28465
36140
23582
36191
169446
139630
169456
140833
140834
22321
169461
22324
169468
169471
169472
131898
131899
131887
131888
131889
131890
131895
131896
245322
243266
18722
18780
243267
245422
18724
228125
171198
171199
245546
245551
245554
228138
198011
181228
245614
18725
18778
18766
245666
228144
181233
245730
228146
18730
245758
18731
228149
245887
228156
45113
245961
246008
246021
228162
181252
18733
246106
45118
172183
243273
228176
18737
243274
246301
246306
171217
246375
246384
228192
18738
18741
18783
246600
99467
134007
134006
134004
99466
134001
133999
133998
133997
133996
133994
133993
134005
134003
135657
136850
28003
171227
169554
136915
38832
136845
167772
170985
227854
227197
222826
176208
52565
176073
52559
52558
52554
27465
52551
52534
134194
134193
134192
134779
134787
134786
134784
134776
78519
136426
136418
169830
169835
100756
171246
133745
133769
133740
133742
133743
133744
133747
133748
133749
133752
133753
133754
133755
133757
133758
133760
133761
133762
133765
133767
133921
133918
133916
133912
133925
101862
101863
135469
135467
23942
135826
135827
135822
20333
20332
135450
23993
23992
177194
18636
98174
18638
227875
195186
227881
98177
18633
227896
18627
18625
16138
167567
167565
167570
167574
17404
134764
134763
134762
135524
135523
135269
135268
135273
135271
135263
205137
134599
100234
100243
100245
100170
134393
100179
213808
100182
100189
100194
100200
213810
134394
100215
100218
134395
134396
213811
135261
135259
167858
167857
167854
135181
135180
135179
135178
135175
135174
101013
135168
135167
135165
135163
135161
135160
135158
135156
135154
135153
135152
135206
135205
135204
135203
101034
135201
135200
135197
135196
135193
135191
135189
135188
135186
135185
135183
135173
135199
136101
136100
102032
136099
102031
136095
136107
136104
134338
134335
136039
136040
135767
135772
135771
135770
135768
135769
134274
134276
134275
47197
16939
16936
65632
134660
134331
134289
134287
134286
134285
134359
134360
134362
134364
134353
134356
134357
131760
131772
51200
16186
135054
167907
167903
167899
167896
167894
167892
167889
167886
167885
167884
167883
167880
167877
167875
167874
167873
167879
167909
33033
133794
133798
133796
21468
36707
21461
17521
76467
57281
45433
133793
102261
177368
102330
186708
102320
186710
102305
177369
186712
102277
186716
134879
134880
98848
98855
134884
98869
98875
134885
134886
134888
134889
134890
134891
98898
134892
133776
133775
133773
133772
133771
133777
133770
134450
133862
133863
133860
133861
133712
133713
134735
134733
134732
98269
134817
133852
133853
135594
135593
135592
101133
135590
101128
135585
135580
135577
135574
135570
135568
101119
135564
135562
101113
101112
135560
135567
101117
134059
68093
22148
47058
22178
22150
22151
22154
22159
22161
22152
44494
22214
33858
22205
22168
22175
134252
134247
134249
101455
134251
134256
134237
101820
136202
134467
134468
136045
188057
188058
131839
71401
131836
102423
136168
101736
101745
136170
101760
136174
136164
136167
135377
98938
98935
135375
135373
135372
135371
135370
135368
135367
135366
135365
98922
98998
135408
135407
98995
135406
135405
135404
135402
135401
135400
135399
135398
135397
98982
98973
98970
98967
98962
135396
98961
135394
98955
135390
98950
135389
135388
135387
135386
135385
135383
98943
135382
135381
135379
135409
135378
44139
18653
18649
134585
21067
186790
186792
27085
99418
135078
135080
135079
134366
21366
21367
101365
101369
101354
135452
135453
135454
135457
101362
134715
134713
134710
134724
134722
134721
134720
134719
135026
135024
205561
134167
134174
134175
134176
134164
134165
134166
134169
134170
134171
135782
135783
136025
142844
168884
168886
168890
134325
134322
186834
136052
17681
136051
17683
136056
79637
194563
133840
133839
136032
131829
231807
186842
21822
135068
135069
183068
186796
133904
133909
132794
150896
132828
133906
186800
186802
133908
137367
180483
18062
18075
150947
152414
139492
186804
132916
132920
183467
151901
134246
134241
134242
134243
134244
134245
135472
135476
135475
135474
135473
134742
134738
94325
136042
16372
131794
131790
131789
131784
106469
131801
131783
98638
108291
108293
15667
15634
98658
108612
15638
15623
98645
26968
168893
168894
168897
18865
18867
133983
131823
131819
131824
131827
131818
135742
17048
46492
44396
44392
186875
18898
186883
18887
186890
44374
18896
167786
167783
166061
18901
186903
101295
134232
134228
134229
133856
134162
136227
136226
136225
136224
136222
135460
135462
33006
33008
136176
177782
134023
98328
134021
134022
134024
98315
213634
134016
32653
134019
135814
16148
49729
135811
133851
133842
133845
133848
134235
134234
18959
99100
186940
34164
135440
135439
135437
135436
28535
135445
135438
135435
134861
134860
134857
134855
134851
134856
134864
132948
134708
135985
135980
135982
135983
135984
17579
17577
45169
134454
142054
134226
101590
101587
134473
134479
134475
136036
136035
21858
51184
17648
17644
150466
33876
16661
33871
134307
27037
135428
24476
24474
135740
177421
24478
135741
135686
135685
135684
135682
135679
135678
135677
34006
98768
135676
135674
135688
135681
230781
19059
186993
186996
134568
98376
187012
187013
98391
53316
18005
179798
133987
28015
76904
19826
99262
134502
102001
134504
19265
142429
142426
169586
142421
169589
142415
169594
142413
142412
101382
169601
101385
135363
135362
135351
135353
135359
15159
187056
15161
134306
44333
133779
44322
133781
101072
101070
101069
101066
169756
101076
101074
169759
169760
169802
169818
133726
133727
134177
18114
100328
26252
26327
100710
213850
26299
213864
213866
100476
213874
100584
38917
34175
