query,gnomad_exome.af.af,gnomad_exome.an.an
94255,0.0,246056.0
17307,4.06081e-06,246256.0
213789,8.12123e-06,246268.0
17310,4.07741e-06,245254.0
27817,4.06233e-06,246164.0
138931,0.00065001,246150.0
101306,0.0132998,245718.0
101305,0.0207522,245564.0
101317,0.0165154,245952.0
142864,0.00296884,246224.0
101315,0.00452434,246224.0
101311,0.00128554,243478.0
142858,0.00177796,244662.0
20333,0.00295752,245138.0
167982,0.0256185,246150.0
188134,0.0,246186.0
45141,0.0104677,202910.0
57226,0.00321302,246186.0
29525,4.06286e-06,246132.0
238151,2.45722e-05,244178.0
133927,0.0017908,246258.0
133928,0.0287585,246258.0
133929,0.00508853,243882.0
133932,0.00163157,245776.0
133933,0.00675643,246136.0
135065,0.0198014,244932.0
171051,1.62617e-05,245976.0
34533,7.63149e-05,196554.0
249594,0.00208296,244844.0
33887,2.03082e-05,246206.0
227190,0.00201449,246216.0
172354,4.21315e-06,237352.0
52810,0.00199006,244214.0
52796,4.06197e-06,246186.0
45545,0.00234463,245668.0
27447,4.0657e-06,245960.0
44315,0.00040778,245230.0
171059,0.000450974,246134.0
27910,4.0707e-06,245658.0
96129,0.000222118,225106.0
45238,0.00290915,246120.0
96572,0.000316782,246226.0
96576,0.00103151,246242.0
96587,8.52764e-05,246258.0
50090,0.000293133,245622.0
96718,5.73503e-05,244114.0
45242,0.0112505,29332.0
96735,4.06144e-06,246218.0
95987,9.34215e-05,246196.0
96135,8.12744e-06,246080.0
50084,0.000101661,245916.0
50085,0.000308634,246246.0
16803,1.62447e-05,246234.0
171076,1.62454e-05,246224.0
45234,4.06147e-06,246216.0
171077,5.2797e-05,246226.0
96447,1.21882e-05,246140.0
96518,4.10556e-06,243572.0
95014,9.19463e-05,239270.0
50035,0.000970574,246246.0
95045,8.13306e-06,245910.0
95048,8.12902e-06,246032.0
94666,3.25341e-05,245896.0
50027,0.00104466,246012.0
94753,0.000109986,245486.0
94755,8.96481e-05,245404.0
94763,0.000383442,245148.0
23970,0.00511991,245512.0
94834,0.000109661,246214.0
94843,4.06171e-05,246202.0
94964,0.000156258,243188.0
171068,6.09112e-05,246260.0
101531,0.0171919,246220.0
101525,0.00286267,245924.0
101520,0.00195174,245934.0
101541,0.00388894,240940.0
141647,0.000552432,246184.0
134011,0.00384244,242034.0
134012,0.0313768,246042.0
135668,0.00721644,245966.0
135664,0.00944508,246054.0
135665,0.0020939,245952.0
135666,0.00434083,246266.0
135673,0.00230252,245818.0
99564,0.00188612,245478.0
45415,0.00884715,243016.0
99537,0.00483188,245246.0
99547,0.007121,245752.0
99992,0.0613848,246136.0
135719,0.000341095,246266.0
135718,5.2794e-05,246240.0
135714,0.00515161,197220.0
135711,0.00409143,230482.0
135709,0.0205695,244828.0
135708,0.000309328,245694.0
39315,0.0365148,246010.0
135705,0.0150897,245996.0
135702,0.0149424,245008.0
199026,4.07997e-06,245100.0
56466,4.07631e-06,245320.0
102192,0.000270468,229232.0
178478,1.63263e-05,245004.0
224987,4.47953e-05,200914.0
225079,4.09286e-06,244328.0
56014,6.24516e-06,160124.0
225074,4.07276e-06,245534.0
171073,0.00134179,245940.0
133184,0.0019864,246174.0
53429,0.0265341,175058.0
44665,0.00723643,246254.0
53438,0.00527449,244194.0
53410,0.00506499,246200.0
77299,0.0,229660.0
53419,0.00246741,245602.0
40374,0.00391196,246168.0
171078,5.8723e-05,187320.0
45560,4.3958e-06,227490.0
17257,4.06095e-06,246248.0
17255,4.06121e-06,246232.0
55319,0.0184251,246240.0
32133,4.06246e-06,246156.0
95856,0.000239608,246236.0
51666,0.000483437,246154.0
95079,8.93996e-05,246086.0
133066,4.06184e-06,246194.0
95170,0.000337297,246074.0
45207,4.47002e-05,246084.0
50076,0.00102853,245982.0
50077,7.72351e-05,246002.0
95490,0.000272444,245922.0
95574,7.72163e-05,246062.0
78877,4.06062e-05,246268.0
24422,1.62426e-05,246266.0
38448,0.000327804,244048.0
78684,4.92587e-05,243612.0
78664,7.969e-05,238424.0
78587,0.000479558,189758.0
78556,3.25762e-05,245578.0
40438,1.62488e-05,246172.0
52294,1.21849e-05,246206.0
40440,7.30964e-05,246250.0
135478,0.00385081,246182.0
135477,0.00196657,246114.0
171089,0.000844794,246214.0
227192,5.29096e-05,245702.0
227843,0.0272939,241666.0
227193,4.06336e-05,246102.0
102225,0.00401783,245406.0
102229,0.00824832,245262.0
102233,0.00833181,240164.0
168532,0.0357021,245952.0
168535,0.0114343,246190.0
151642,2.05885e-05,242854.0
132739,1.21923e-05,246056.0
151960,7.7254e-05,245942.0
132763,8.13742e-05,245778.0
139421,0.000151203,244704.0
139428,0.000277042,245450.0
134500,0.00128915,245898.0
134498,0.00146447,245822.0
134493,0.0182338,246082.0
134488,0.00122288,246140.0
134487,0.00515585,246128.0
134486,0.015815,246158.0
134484,0.00243004,246086.0
134481,0.0020888,245596.0
134491,0.0219585,246192.0
99922,0.0303035,235880.0
135129,0.00593241,243746.0
135130,0.00356125,246262.0
45440,0.000537357,243786.0
136013,0.00508572,245786.0
136016,0.00676335,246032.0
136021,0.018438,236848.0
134571,0.00247829,245330.0
99339,0.000942967,246032.0
134574,0.00416189,244360.0
134575,0.00119682,245650.0
168106,0.00994846,222346.0
45320,0.00753758,240130.0
168110,0.00473553,246224.0
168113,0.000351388,244744.0
101930,0.00160596,245336.0
101934,0.012117,234298.0
168134,0.0207123,246134.0
168139,0.00048337,246188.0
168145,0.000532075,246206.0
168156,0.0228326,245482.0
168166,0.000666114,246204.0
168187,0.000548495,246128.0
101960,0.00027618,246216.0
101964,0.0470062,246010.0
101965,0.046971,246024.0
101973,0.0240887,245758.0
101976,0.00140594,245388.0
174383,0.000277823,244760.0
44683,0.00593436,245688.0
186332,8.56088e-05,245302.0
173997,0.00120575,245490.0
54081,2.04432e-05,244580.0
54084,0.00874909,245054.0
44685,0.0139939,244964.0
186333,0.000224501,244988.0
171103,6.50994e-05,245778.0
54105,0.00959819,246088.0
135973,0.0114946,243854.0
135969,0.034367,246254.0
135975,0.023476,246166.0
141185,0.0173521,246252.0
135881,0.0185342,246140.0
135878,0.00631827,246270.0
135871,0.0394462,246234.0
135870,0.0114569,246052.0
135868,0.0129296,245716.0
135867,0.0242405,246200.0
135866,0.0264894,246174.0
135864,0.0198147,246080.0
135863,0.00408687,246154.0
135862,0.00291047,246008.0
135860,0.00356113,246270.0
135858,0.0192526,246252.0
135857,0.0405881,246156.0
135856,0.0446489,246210.0
135854,0.0331094,246244.0
135853,0.00145243,245106.0
135850,0.0331508,246118.0
135849,0.0066412,246040.0
135848,0.0254765,246148.0
135843,0.00716716,246262.0
135842,0.00885272,246252.0
135841,0.036528,246058.0
135838,0.0124926,246226.0
135837,0.0110009,246252.0
135836,0.0030781,246256.0
135834,0.00208311,246266.0
135901,0.00908028,246248.0
135897,0.00359376,245982.0
135896,0.0223705,245860.0
135895,0.0130093,245978.0
135894,0.00575137,246202.0
135892,0.0428127,246072.0
135891,0.0108229,233210.0
135890,0.0187453,245822.0
135889,0.00151764,244458.0
135887,0.00908773,246156.0
135877,0.0244758,245876.0
96804,1.67203e-05,239230.0
96857,2.03169e-05,246100.0
24284,0.000158059,240416.0
176785,5.68482e-05,246270.0
213814,4.10384e-06,243674.0
134525,0.00358571,244582.0
134528,0.0314081,246242.0
134529,0.00822425,245980.0
134531,0.0219506,246052.0
134532,0.00131328,243664.0
134533,0.0326152,245744.0
134539,0.00763619,246196.0
134541,0.00228283,233920.0
134544,0.00284511,240764.0
134546,0.00951282,246194.0
134547,0.00934982,246208.0
26916,0.292731,151610.0
26915,1.21908e-05,246088.0
168574,0.00100741,246176.0
168578,0.0105,246096.0
168579,0.00325892,225228.0
78376,4.49949e-05,244472.0
171108,4.31548e-06,231724.0
78392,1.62443e-05,246240.0
134186,0.022463,245648.0
134191,0.00315518,246262.0
134190,0.014253,246264.0
101679,0.0122814,246064.0
168592,0.000699329,245950.0
101674,0.0124974,245812.0
168597,0.00102133,244780.0
101691,0.0040258,246162.0
168622,0.0308872,246024.0
101700,0.00427507,246078.0
168627,0.00103786,245698.0
101705,0.00483884,172562.0
101708,0.0461982,246200.0
168633,0.00203629,207240.0
101711,0.00118946,238764.0
168640,0.000559732,244760.0
134823,0.0425796,246174.0
134794,0.00200166,231308.0
34261,0.0351456,245806.0
134793,0.0526524,245554.0
134792,0.0020971,245100.0
134796,0.0527799,245984.0
134795,0.0527546,245950.0
171115,2.85637e-05,245066.0
227846,8.12315e-06,246210.0
172176,4.06124e-06,246230.0
171117,0.000285395,245274.0
143046,0.0118441,245946.0
143051,0.0119293,246032.0
143054,0.00262648,243672.0
171109,0.00150737,219588.0
142975,0.000264097,246122.0
142980,0.00731858,245676.0
142985,0.00105576,246268.0
142986,0.00533293,246206.0
168775,0.00825557,246258.0
168782,0.0243921,246104.0
143004,0.00162958,246076.0
143008,0.00202016,246020.0
143014,0.00125436,150674.0
143015,0.00474284,246266.0
168793,0.000190877,246232.0
143023,0.00587098,246126.0
58186,0.0184107,246216.0
58047,0.0,245912.0
134812,0.00663784,238632.0
134813,0.0117249,244948.0
134814,0.00606755,245404.0
134802,0.0122214,132718.0
134805,0.00184592,245948.0
134807,0.00539735,237524.0
134809,0.00148857,199520.0
134810,0.0104045,172426.0
134811,0.00211348,177906.0
134626,0.0042838,245810.0
134627,0.00428759,245826.0
102034,0.0119902,239278.0
134423,0.00411938,243726.0
134428,0.00110137,246058.0
134422,0.0136683,244726.0
134424,8.93321e-05,246272.0
102039,0.0127177,246270.0
102045,0.0248796,244256.0
134426,0.012556,245302.0
102049,0.0380063,245854.0
45384,0.00275005,245814.0
36222,8.22497e-05,243162.0
226087,3.25153e-05,246038.0
138927,1.2186e-05,246184.0
28956,1.23759e-05,242406.0
28950,4.1247e-06,242442.0
28948,4.1247e-06,242442.0
28957,4.12439e-06,242460.0
28984,0.000126701,228886.0
171126,8.1217e-06,246254.0
134771,0.00771857,246030.0
134769,0.00387594,246134.0
134767,0.0025008,245122.0
134765,0.00432081,246250.0
134775,0.000582807,144130.0
198308,4.90449e-05,244674.0
214486,4.06105e-06,246242.0
22858,1.21875e-05,246154.0
183044,4.06151e-06,246214.0
133152,1.21943e-05,246016.0
136231,0.0319974,246270.0
136232,0.0235465,244920.0
168821,0.00259175,246166.0
168823,0.042421,244926.0
53154,0.000133535,149774.0
39354,8.12275e-06,246222.0
77971,0.000154418,246086.0
77983,2.45465e-05,244434.0
18174,4.06266e-06,246144.0
67648,8.16347e-05,244994.0
168880,0.00386852,156132.0
175694,2.4376e-05,246144.0
51914,8.22064e-06,243290.0
51909,3.25031e-05,246130.0
51905,8.12282e-06,246220.0
172177,4.06263e-06,246146.0
51892,4.47107e-05,246026.0
51876,1.78198e-05,224470.0
175149,4.01566e-05,199220.0
51862,9.64972e-06,207260.0
165560,1.69391e-05,236140.0
51861,8.46231e-06,236342.0
51849,7.81533e-05,243112.0
51846,0.000584484,232684.0
179223,5.81021e-05,189322.0
45725,1.22692e-05,244514.0
51815,0.003738,226592.0
214490,6.57446e-05,243366.0
51808,0.0438139,243918.0
45267,0.0,166724.0
45266,1.62522e-05,246120.0
171137,6.49841e-05,246214.0
51778,5.68958e-05,246064.0
51737,0.00323777,159060.0
51726,1.34977e-05,222260.0
23647,8.74967e-06,228580.0
51715,0.000430709,246106.0
174776,2.03084e-05,246204.0
51707,4.06144e-06,246218.0
45263,0.000135296,243910.0
222144,1.23229e-05,243450.0
51676,0.00300434,243980.0
51983,0.00407053,241246.0
171141,0.000339161,235876.0
51976,5.1532e-06,194054.0
51977,5.46705e-06,182914.0
51967,0.000994976,181914.0
51961,2.98166e-05,167692.0
171142,8.87637e-05,168988.0
171143,8.96931e-05,178386.0
51962,1.25451e-05,239138.0
51945,0.000232194,241178.0
51938,0.0451049,235296.0
51930,0.0205773,165182.0
51928,0.0651732,170116.0
51926,7.61856e-05,170636.0
51747,0.000128938,224914.0
51814,3.1601e-05,221512.0
171148,6.9054e-05,246184.0
50293,0.0120159,245840.0
135314,0.00167261,90876.0
48180,0.0,245986.0
135316,0.00339062,246268.0
18062,4.47424e-05,245852.0
171127,4.06171e-05,246202.0
53817,0.0332881,246034.0
21935,1.62467e-05,246204.0
78451,0.000646525,245930.0
189357,0.00538457,245888.0
104324,0.0366669,246162.0
104329,0.00256327,246170.0
104333,0.00653021,245934.0
134654,0.00619213,245796.0
134653,0.00420838,245700.0
27628,0.0,244408.0
21796,2.03077e-05,246212.0
186418,4.46704e-05,246248.0
21795,3.65824e-05,246020.0
54216,4.06392e-06,246068.0
45341,1.21874e-05,246156.0
54183,1.21889e-05,246126.0
54253,0.00788795,245818.0
54210,0.00577997,214188.0
54251,0.00839651,164354.0
16979,0.000524603,245900.0
100089,0.0269803,246068.0
100072,0.00984808,241570.0
100067,0.00355856,245886.0
100054,0.0263664,245464.0
138456,0.00314082,149324.0
100038,0.0461502,245698.0
100150,0.00827137,245304.0
168940,0.00406208,244210.0
100147,0.0120309,245452.0
100102,0.0423795,183886.0
168972,0.00083511,216738.0
100074,0.0274166,206116.0
100103,0.0260112,241050.0
135689,0.00322635,224712.0
135691,0.0117727,246078.0
135693,0.00126441,245964.0
135697,0.00393534,245976.0
29104,2.03039e-05,246258.0
28372,8.13749e-06,245776.0
48992,3.30472e-05,242078.0
28365,1.21851e-05,246202.0
28370,4.06554e-06,245970.0
49020,4.06075e-06,246260.0
49028,4.06058e-06,246270.0
49032,4.06065e-06,246266.0
241375,0.000114596,244336.0
131514,0.00111818,245936.0
66523,3.251e-05,246078.0
46290,0.00163725,246144.0
65797,4.0624e-06,246160.0
65926,0.000251877,246152.0
65937,0.000483402,246172.0
139506,3.25002e-05,246152.0
140271,0.000176798,243216.0
136512,0.000338075,245508.0
66467,0.00165309,245600.0
151059,2.44938e-05,244960.0
46817,2.19192e-05,228110.0
67566,0.000837955,227936.0
246789,1.30661e-05,229602.0
65713,3.7306e-05,241248.0
65734,2.03214e-05,246046.0
49980,0.00077612,246096.0
65761,0.00105282,239358.0
65776,0.000353514,243272.0
46294,0.000254714,243410.0
65784,0.00025074,243280.0
46295,8.27746e-06,241620.0
65837,4.06488e-05,246010.0
65861,0.00198634,240644.0
183693,4.24942e-05,235326.0
46324,0.000224984,235572.0
140257,0.000280376,235398.0
65898,0.000997624,236562.0
46326,0.000950474,236724.0
151253,8.26078e-06,242108.0
150784,4.06875e-06,245776.0
49983,0.000227837,245790.0
65942,4.07037e-06,245678.0
65946,2.46804e-05,243108.0
65970,0.000654472,241416.0
65994,5.13941e-05,233490.0
66011,0.000715907,245842.0
66017,0.000606228,245782.0
66021,2.84791e-05,245794.0
234718,3.66763e-05,245390.0
66034,0.000848848,243860.0
137467,4.51679e-05,243536.0
46363,4.10021e-06,243890.0
66038,0.000356362,244134.0
66047,0.000714122,245056.0
140261,1.62865e-05,245602.0
46373,0.000126252,245540.0
66103,0.00182141,227296.0
131548,0.294742,245384.0
66129,0.000297002,245790.0
49985,0.00148635,245568.0
66149,0.00278147,245554.0
46408,4.09065e-05,244460.0
46419,0.000865205,191862.0
66256,0.00012988,238682.0
66257,0.00298496,241544.0
140263,0.000119604,242466.0
66260,0.00117046,244348.0
46442,0.000421603,237190.0
66284,0.000545051,238510.0
49988,0.00660235,240672.0
222309,8.1578e-06,245164.0
136527,0.994476,245634.0
66345,0.00021995,245510.0
46466,0.000403111,245590.0
66351,8.95452e-05,245686.0
66358,4.88095e-05,245854.0
66400,8.18103e-06,244468.0
46492,4.24571e-06,235532.0
46498,0.000211965,231170.0
46506,0.00042575,241926.0
66481,0.00456532,242042.0
139515,6.52055e-05,245378.0
46514,0.000354396,245488.0
136529,0.00172745,246028.0
46545,4.07711e-06,245272.0
66580,0.00136776,245658.0
46546,3.25659e-05,245656.0
49995,0.0176709,245828.0
66604,4.07239e-06,245556.0
46553,0.000891803,245570.0
66620,1.21935e-05,246032.0
66622,1.21928e-05,246046.0
183894,2.03416e-05,245802.0
49997,0.00308823,245772.0
46593,0.0011316,241252.0
46595,0.000120668,240328.0
50000,0.00109923,241078.0
136528,0.994303,234874.0
46626,0.000421359,242074.0
66909,4.12708e-06,242302.0
66917,0.00172341,246024.0
46642,0.000369901,246012.0
50001,0.00225214,245988.0
234933,3.25365e-05,245878.0
102755,0.0192569,246198.0
46658,0.000605563,246052.0
67021,1.62641e-05,245940.0
67040,0.000573791,245734.0
96969,4.06227e-06,246168.0
131696,0.52243,245612.0
46681,4.06438e-06,246040.0
96978,8.12638e-06,246112.0
50003,0.00111373,246020.0
50004,0.00210077,245624.0
46698,0.000757817,245442.0
67203,8.20331e-06,243804.0
67227,1.21849e-05,246206.0
67262,0.0029856,246182.0
131716,0.00255023,245468.0
67274,0.000561163,245918.0
50008,0.00282937,245638.0
50009,0.00965015,245592.0
67365,0.000306959,244332.0
46749,2.86671e-05,244182.0
46776,0.000244341,245558.0
67458,0.00657961,239984.0
140276,2.03923e-05,245190.0
46783,0.000293055,245688.0
46785,8.1408e-06,245676.0
46788,2.43803e-05,246100.0
67494,1.21892e-05,246120.0
67552,8.44587e-05,236802.0
67551,0.00130641,237292.0
67563,7.72578e-05,245930.0
50011,0.00173151,246028.0
67576,0.000117859,246056.0
184093,1.2198e-05,245942.0
46822,0.00658034,245732.0
46275,0.000109805,245890.0
65711,0.00139835,246004.0
49979,0.0229773,245590.0
179464,2.43867e-05,246036.0
52252,8.93365e-05,246260.0
179471,4.06293e-06,246128.0
175442,2.84241e-05,246270.0
45304,2.03429e-05,245786.0
29157,0.0,245726.0
52214,6.49899e-05,246192.0
52202,0.00338442,246128.0
52197,0.0135874,246258.0
52190,0.00810899,246270.0
52182,0.000288583,246030.0
52162,4.06085e-06,246254.0
45303,9.9036e-05,242336.0
179536,8.27178e-06,241786.0
52150,0.000613168,246262.0
52149,0.00116138,246258.0
52147,0.00232371,246158.0
52144,0.000109654,246228.0
186481,0.000300554,246212.0
52127,0.00204391,239736.0
171162,5.68625e-05,246208.0
52123,0.000146206,246228.0
52120,8.12137e-06,246264.0
165566,6.90333e-05,246258.0
52116,0.00525051,246262.0
52115,0.00168514,246270.0
52111,0.000881161,246266.0
29164,4.06101e-06,246244.0
29159,4.06154e-06,246212.0
52071,2.03042e-05,246254.0
52070,0.000198978,246258.0
29150,0.000150421,245976.0
29134,1.21947e-05,246008.0
52045,8.12117e-06,246270.0
52034,0.00292768,246270.0
29129,4.06055e-06,246272.0
52023,0.00802337,246156.0
51987,0.00352219,246154.0
52287,8.12949e-05,246018.0
52286,0.020437,245976.0
179672,1.62475e-05,246192.0
179683,4.06072e-06,246262.0
52262,0.0102572,246266.0
186513,1.21828e-05,246248.0
52208,0.000665974,246256.0
52176,4.06101e-06,246244.0
52122,0.000389971,246172.0
51997,4.87325e-05,246242.0
45929,0.000532109,246190.0
101163,0.00188016,245724.0
19391,4.06458e-06,246028.0
135915,0.00466822,245918.0
135937,0.00151271,245916.0
135938,0.00363947,245640.0
135939,0.00801628,246124.0
135940,0.00157121,244398.0
135941,0.0080346,245812.0
135944,0.00928847,246004.0
135946,0.00156142,245930.0
135948,0.0104691,245102.0
135952,0.0117692,246066.0
135953,0.0117675,246016.0
135955,0.0024991,245688.0
135956,0.00230379,245682.0
135958,0.0359726,245548.0
135960,0.00533601,246064.0
135961,0.00317879,245376.0
135963,0.0028888,244392.0
135964,0.0360851,242150.0
135965,0.04038,240936.0
135902,0.0242554,246172.0
135903,0.00527239,246188.0
135904,0.00503159,246244.0
135906,0.00551385,245926.0
135910,0.00398859,246202.0
135911,0.0122617,246214.0
135912,0.00130792,246192.0
135913,0.0169151,246230.0
135914,0.0219253,213042.0
135916,0.0166396,245980.0
135917,0.0140744,245978.0
135919,0.00724991,246210.0
135920,0.00117828,246122.0
135921,0.0329015,246098.0
135922,0.0431576,246098.0
135923,0.00988224,246098.0
135927,0.013829,245716.0
135929,0.00118208,246176.0
135930,0.0350461,246190.0
135933,0.0299045,246150.0
134385,0.0122534,212512.0
134371,0.0116473,244348.0
134380,0.0116425,246168.0
134383,0.00877578,246246.0
134384,0.00360989,246268.0
134387,0.00238788,246244.0
134388,0.0327135,241796.0
134389,0.0164213,246266.0
134390,0.0116645,244588.0
134378,0.0094904,245722.0
102156,0.00309309,216612.0
102152,0.0060309,246066.0
33370,4.06058e-06,246270.0
51604,0.000215468,245976.0
171173,5.2855e-05,245956.0
51564,0.0,245768.0
44739,4.06851e-06,245790.0
51525,0.00019497,246192.0
44729,0.0310706,246246.0
51491,0.000109646,246246.0
171182,0.00015437,246162.0
27495,1.62476e-05,246190.0
134756,0.00818037,188500.0
134758,0.00547783,179268.0
134751,0.00368103,238792.0
134752,0.0107121,232540.0
242115,3.25068e-05,246102.0
188642,0.000101162,158162.0
169179,0.0342739,149414.0
134082,0.00465158,244648.0
134081,0.00137092,229772.0
134078,0.00852423,245418.0
58546,1.63599e-05,244500.0
50164,0.0138783,245708.0
58303,0.0100457,245478.0
58822,0.00121899,148484.0
76101,0.00193365,246166.0
227853,2.43857e-05,205038.0
136089,2.43881e-05,246022.0
58901,0.00313342,245738.0
58419,0.0,245662.0
59189,0.00289752,244002.0
50176,0.0018471,218180.0
58442,0.00475155,219718.0
50177,0.00532816,240796.0
58665,0.00890403,236522.0
58666,0.00313367,245718.0
58629,0.00524021,203236.0
58633,0.0,245520.0
59122,0.0,245502.0
50184,0.00233816,245492.0
50185,0.0022029,244678.0
100967,0.016413,246146.0
100966,0.0335899,236678.0
100958,0.0152012,196892.0
169241,0.0344079,245612.0
169249,0.0341373,246036.0
169257,0.0147921,246078.0
100970,0.0292527,246234.0
134641,0.00587843,246154.0
134640,0.000524045,246162.0
134637,0.00447922,245132.0
134645,0.000630584,245804.0
45281,0.00247742,244206.0
244978,4.06088e-06,246252.0
135484,0.0182193,245838.0
27395,2.03047e-05,246248.0
27386,4.06085e-06,246254.0
27404,0.0,246244.0
151677,4.06322e-06,246110.0
184776,0.0,246078.0
70268,1.21922e-05,246058.0
70256,0.00115824,245200.0
70235,0.00010152,246256.0
70228,0.00074213,245240.0
131381,0.00112528,246160.0
222647,6.90973e-05,246030.0
70182,6.50058e-05,246132.0
70148,4.06058e-05,246270.0
70147,1.21818e-05,246270.0
70077,4.06266e-06,246144.0
70074,2.03131e-05,246146.0
46196,2.43758e-05,246146.0
70073,4.87444e-05,246182.0
70063,2.43831e-05,246072.0
46185,4.06253e-06,246152.0
242767,8.12466e-06,246164.0
140254,0.000105648,246100.0
97112,0.000549196,245814.0
50269,0.0182479,245672.0
46171,2.03482e-05,245722.0
50267,0.00147877,246150.0
50266,0.354601,246144.0
69960,0.00111309,246162.0
69929,0.00015068,245554.0
46163,8.14843e-06,245446.0
69912,0.000142217,246102.0
69902,0.000369702,246144.0
50265,0.00232396,246132.0
69877,0.00076465,245864.0
46154,4.06573e-06,245958.0
131248,0.000334394,245220.0
32714,2.43756e-05,246148.0
69812,4.06233e-06,246164.0
69807,4.06316e-06,246114.0
140250,0.000332583,243548.0
46121,1.22034e-05,245834.0
50260,0.00382707,245880.0
69654,0.000191077,245974.0
32711,8.13094e-06,245974.0
46099,0.000300781,246026.0
69624,4.06415e-06,246054.0
32710,1.22071e-05,245758.0
69597,0.00021568,245734.0
69593,4.07087e-06,245648.0
50257,0.353368,245718.0
50256,0.00241921,245948.0
69497,0.000146765,245290.0
32709,0.0131787,245776.0
46063,0.000508386,245876.0
50253,0.00100041,245900.0
69422,0.00017891,245934.0
69355,0.000443075,246008.0
46045,7.32398e-05,245768.0
69331,0.000997809,245538.0
50250,0.000146436,245842.0
69271,0.00160282,245816.0
32720,0.00170032,245836.0
46029,0.000187254,245656.0
69234,6.93046e-05,245294.0
69228,5.70679e-05,245322.0
140246,3.26017e-05,245386.0
69207,4.07305e-06,245516.0
50248,9.76443e-05,245790.0
69194,0.0,245794.0
69175,0.000101643,245958.0
46010,0.000463728,245834.0
69128,0.000414621,246008.0
50247,0.0587051,245890.0
45997,2.03275e-05,245972.0
69091,0.00160249,245868.0
69063,0.0001017,245820.0
69038,6.0989e-05,245946.0
245047,4.07621e-06,245326.0
45979,0.000260495,245686.0
68945,6.91563e-05,245820.0
50244,0.000443133,245976.0
45972,0.000235793,245978.0
68925,0.000284458,246082.0
68897,1.62693e-05,245862.0
68894,4.06686e-06,245890.0
185067,8.14034e-06,245690.0
68810,0.000394463,245904.0
50242,0.0466883,245886.0
68780,0.000134241,245826.0
70438,0.000995215,246178.0
70410,4.06504e-06,246000.0
185093,1.62866e-05,245600.0
140243,7.3545e-05,244748.0
139803,0.000278504,244162.0
50274,0.000318284,245064.0
70339,2.86892e-05,243994.0
46242,3.26894e-05,244728.0
70309,0.00153556,246164.0
70302,0.000650153,246096.0
46217,0.000263979,246232.0
151172,8.12282e-06,246220.0
69447,7.72917e-05,245822.0
46005,1.22085e-05,245730.0
32732,4.08513e-06,244790.0
69098,7.7429e-05,245386.0
32700,3.25542e-05,245744.0
68813,0.00432768,245628.0
46257,0.000182373,241264.0
70358,2.44089e-05,245812.0
140240,0.000418996,245826.0
133666,2.03135e-05,246142.0
133652,0.00083808,245800.0
134580,0.0138222,226158.0
134581,0.0,320.0
171192,9.76507e-05,245774.0
172182,4.06431e-06,246044.0
53485,0.000237229,25292.0
53486,0.0053432,245920.0
53488,8.55937e-06,233662.0
171194,0.000117915,245940.0
28456,0.000101529,246236.0
28460,4.06147e-06,246216.0
28465,0.00108457,246180.0
36140,0.00277006,246204.0
23582,0.0,246186.0
36191,4.06359e-06,246088.0
169446,0.000631313,245520.0
139630,1.88698e-05,158984.0
169456,0.00270854,246258.0
140833,0.00107242,246172.0
140834,0.0187928,246264.0
22321,0.0,246260.0
169468,0.00143143,245908.0
169471,0.00247989,245172.0
169472,0.0035932,238506.0
131898,0.00316836,233244.0
131899,0.00186091,223546.0
131887,0.00952772,236258.0
131888,0.0255521,210120.0
131889,0.00289631,184718.0
131890,0.0249594,246200.0
131895,0.00096781,245916.0
131896,0.0401415,246204.0
243266,4.09752e-06,244050.0
18722,8.132e-06,245942.0
18724,2.84243e-05,246268.0
171198,4.06081e-06,246256.0
171199,1.62439e-05,246246.0
245546,8.13015e-06,245998.0
228138,1.21956e-05,245990.0
181228,8.12605e-06,246122.0
245614,8.12526e-06,246146.0
18725,1.625e-05,246154.0
181233,5.29618e-05,245460.0
245730,1.63673e-05,244390.0
228146,8.18364e-06,244390.0
18730,1.63673e-05,244390.0
18731,4.06296e-06,246126.0
228156,4.07206e-06,245576.0
45113,8.14664e-06,245500.0
246021,4.07043e-06,245674.0
228162,2.85281e-05,245372.0
181252,2.43851e-05,246052.0
18733,1.21887e-05,246130.0
45118,4.06597e-06,245944.0
172183,0.0,245718.0
243273,8.12982e-06,246008.0
228176,8.12176e-06,246252.0
18737,2.43645e-05,246260.0
171217,4.46671e-05,246266.0
228192,1.21819e-05,246268.0
18738,8.12645e-06,246110.0
18741,2.84463e-05,246078.0
246600,4.06683e-06,245892.0
134007,0.00471065,68568.0
134006,0.00456402,49956.0
134004,0.00317654,244606.0
99466,0.0173138,168074.0
134001,0.00138699,242972.0
133999,0.003828,136886.0
133998,0.00137086,216652.0
133997,0.00142579,216722.0
133996,0.0105871,246242.0
133994,0.0111273,244264.0
133993,0.00816004,227450.0
134005,0.0103272,193276.0
134003,0.00222159,246220.0
135657,0.0231869,246260.0
136850,0.000109637,246268.0
28003,9.74532e-05,246272.0
171227,0.000146192,246252.0
169554,0.00158955,140920.0
136915,8.13114e-06,245968.0
38832,7.72125e-05,246074.0
136845,2.84292e-05,246226.0
167772,0.00440577,246268.0
227854,4.27998e-05,233646.0
227197,0.000288712,245920.0
222826,0.00275527,246074.0
52559,4.07024e-05,245686.0
52554,1.62829e-05,245656.0
27465,4.07242e-06,245554.0
52534,0.00762901,233320.0
134194,0.000907889,125566.0
134193,0.000690786,240306.0
134192,0.000703824,245800.0
134779,0.00330851,142360.0
134787,0.0107494,122518.0
134786,0.00377517,235486.0
134784,0.00648606,246066.0
134776,0.000609062,200308.0
78519,6.09132e-05,246252.0
136426,0.000134162,245972.0
136418,0.000109756,246000.0
169830,0.0244094,246176.0
169835,0.00403088,246100.0
100756,0.000588657,178372.0
171246,0.000290839,178793.0
133745,0.018115,245984.0
133769,0.00598202,98796.0
133740,0.00383531,234140.0
133742,0.00271976,245610.0
133743,0.0300012,244790.0
133744,0.00270314,236762.0
133747,0.00642544,196718.0
133748,0.0132101,239286.0
133749,0.00480726,245462.0
133752,0.00284945,246012.0
133753,0.00497646,175024.0
133754,0.00179561,135330.0
133755,0.00174833,134986.0
133757,0.00258487,234054.0
133758,0.0078025,200064.0
133760,0.00393318,209754.0
133761,0.0108255,244422.0
133762,0.0145164,244826.0
133765,0.00492919,245882.0
133767,0.0124224,238682.0
133921,0.00896068,245852.0
133918,0.000995102,246206.0
133916,0.000710666,246248.0
133912,0.0262428,242428.0
133925,0.0115662,189432.0
101862,0.00996831,244876.0
101863,0.0255976,246078.0
135469,0.00543465,246198.0
135467,0.0102124,244604.0
23942,7.74322e-05,245376.0
135826,0.00250807,246006.0
135827,0.00453356,246164.0
135822,0.0458272,245902.0
20333,0.00295752,245138.0
20332,0.00148617,246270.0
135450,0.00895303,246062.0
23993,0.000180248,127602.0
23992,0.00138493,246222.0
177194,2.43797e-05,246106.0
18636,0.000495556,246188.0
98174,0.0266005,246236.0
18638,1.2184e-05,246224.0
227875,8.13709e-06,245788.0
195186,0.000146268,246124.0
227881,0.000561536,231508.0
98177,0.00545052,245848.0
18633,3.65595e-05,246174.0
227896,4.0618e-06,246196.0
18627,0.000219305,246232.0
18625,0.00330238,246186.0
16138,5.86864e-05,238556.0
167567,0.0188753,245824.0
167565,0.0153679,246032.0
167570,0.0364754,246248.0
167574,0.00162427,246264.0
17404,0.000158422,246178.0
134764,0.00216932,246160.0
134763,0.046246,246162.0
134762,0.0124171,246192.0
135524,0.0381173,245794.0
135523,0.00913459,245988.0
135269,0.00346903,245890.0
135268,0.00194089,245248.0
135273,0.0250149,245494.0
135271,0.00198263,198222.0
135263,3.50116e-05,228496.0
205137,0.00136394,244878.0
134599,0.0280272,245904.0
100234,0.0101246,246134.0
100243,0.00647732,246244.0
100245,0.0336054,246240.0
100170,0.0170477,246250.0
134393,0.00239988,246262.0
100179,0.015595,235524.0
213808,8.1215e-06,246260.0
100182,0.0285792,246228.0
100189,0.0230848,246266.0
100194,0.0278091,245028.0
100200,0.0184935,245600.0
213810,2.44244e-05,245656.0
134394,0.00141755,246200.0
100215,0.0200627,245530.0
100218,0.0318583,246184.0
134395,0.00237048,245098.0
134396,0.00169193,245282.0
213811,4.09018e-06,244488.0
135261,0.00820192,245918.0
135259,0.0271273,243850.0
167858,0.00945028,246236.0
167857,0.00730307,246198.0
167854,0.00103952,148146.0
135181,0.0419196,245828.0
135180,0.00278088,245606.0
135179,0.00281237,245700.0
135178,0.0176082,239434.0
135175,0.02034,241200.0
135174,0.0165522,218702.0
101013,0.0157096,244628.0
135168,0.0291483,245572.0
135167,0.0301487,244886.0
135165,0.0195024,237304.0
135163,0.0278532,231248.0
135161,0.00555661,189684.0
135160,0.00613559,245942.0
135158,0.00294705,245330.0
135156,0.0277635,245574.0
135154,0.00224936,245848.0
135153,0.0148763,245894.0
135152,0.0136009,189620.0
135206,0.00305889,246168.0
135205,0.0211793,246184.0
135204,0.0236726,245938.0
135203,0.00884086,243076.0
101034,0.0367391,245896.0
135201,0.00729134,239188.0
135200,0.00777825,242728.0
135197,0.00766324,229668.0
135196,0.00246829,241058.0
135193,0.0105685,245920.0
135191,0.00871723,243426.0
135189,0.0197783,246230.0
135188,0.00268364,169546.0
135186,0.00871876,246136.0
135185,0.0161102,246118.0
135183,0.000952139,220556.0
135173,0.00788212,173938.0
135199,0.0185935,241590.0
136101,0.0316246,245948.0
102032,0.0294591,245968.0
136099,0.00387641,245846.0
102031,0.02909,246064.0
136095,0.00302643,245834.0
136107,0.00288146,246056.0
136104,0.00286153,246022.0
134338,0.0106655,245932.0
134335,0.00264085,245754.0
136039,0.00788549,223068.0
136040,0.0248948,133522.0
135767,0.0291177,246242.0
135772,0.0104613,246242.0
135771,0.00736297,246232.0
135770,0.0104546,245920.0
135768,0.00705358,246258.0
135769,0.00378182,246178.0
134274,0.0241303,242724.0
134276,0.0213032,246254.0
134275,0.0306858,246238.0
47197,0.00296557,246158.0
16939,0.0326109,246206.0
16936,7.497e-05,240096.0
65632,0.00021141,245968.0
134660,0.000187312,245580.0
134331,0.00800973,245826.0
134289,0.033841,246092.0
134287,0.00716276,246134.0
134286,0.0440388,246192.0
134285,0.0033906,245974.0
134359,0.0019133,235196.0
134360,0.00556052,241704.0
134362,0.00261446,242880.0
134364,0.00182408,148020.0
134356,0.00345887,219436.0
134357,0.0036094,210284.0
131760,0.00648421,234724.0
131772,0.00155956,237246.0
51200,0.000280208,246246.0
16186,2.4376e-05,246144.0
135054,0.0248749,246152.0
167907,0.00521458,241630.0
167903,0.00342775,228138.0
167899,0.00529249,246198.0
167896,0.0113015,245984.0
167894,0.0053019,246138.0
167892,0.00733824,245018.0
167889,0.00728311,246186.0
167886,0.00692018,245514.0
167885,0.00696799,240098.0
167884,0.00462236,245762.0
167883,0.00300155,246206.0
167880,0.0068496,243226.0
167877,0.00311114,151070.0
167875,0.00376816,144102.0
167874,0.00314007,150952.0
167873,0.00289165,149050.0
167879,0.006231,151340.0
167909,0.00648874,122520.0
33033,0.000369901,246012.0
133794,0.00649076,246042.0
133798,0.0119014,245350.0
133796,0.0299126,246184.0
21468,0.000102198,244622.0
36707,0.00550214,246268.0
21461,4.06151e-06,246214.0
76467,0.0167416,246034.0
57281,0.0451896,231580.0
45433,0.00672765,229798.0
133793,0.0381572,245904.0
102261,0.00289374,245012.0
177368,0.00417026,245548.0
102330,0.00920578,245498.0
186708,0.00278827,244596.0
102320,0.00205298,245984.0
186710,0.000451183,246020.0
102305,0.00141026,246054.0
177369,0.00773686,246224.0
186712,8.12684e-06,246098.0
102277,0.0017851,245924.0
186716,0.00274743,246048.0
134879,0.0319401,245898.0
134880,0.00500008,245996.0
98848,0.0138918,245900.0
98855,0.0113137,246162.0
134884,0.00309041,246246.0
98869,0.0195317,245754.0
98875,0.0104121,245484.0
134885,0.006623,245508.0
134886,0.00347587,245694.0
134888,0.00212545,245124.0
134889,0.0120307,246038.0
134890,0.00428874,245760.0
134891,0.00551725,245956.0
98898,0.00853019,245950.0
134892,0.00399161,246016.0
133776,0.00405391,237302.0
133775,0.0178384,226646.0
133773,0.0202987,204200.0
133772,0.0238961,245898.0
133771,0.0111283,222496.0
133777,0.00258703,244682.0
133770,0.000321258,245908.0
134450,0.0030018,246186.0
133862,0.0172593,242536.0
133863,0.0170904,236098.0
133860,0.0167719,237362.0
133861,0.0175119,235212.0
133712,0.00257085,246222.0
133713,0.0277751,246264.0
134735,0.00703814,242820.0
134733,0.0233726,246100.0
134732,0.0,8590.0
98269,0.0218625,243842.0
134817,0.0219355,246222.0
133852,0.0170631,246028.0
133853,0.019223,246008.0
135594,0.00324712,246064.0
135593,0.0030232,245766.0
135592,0.0028267,245870.0
101133,0.0362971,246080.0
135590,0.00276841,245990.0
101128,0.03803,246148.0
135585,0.00289196,246200.0
135580,0.00300385,246018.0
135577,0.00591932,245974.0
135574,0.00769894,246008.0
135570,0.000166621,246068.0
135568,0.00435571,245884.0
101119,0.010141,245932.0
135564,0.00349266,245944.0
135562,0.0257182,245118.0
101113,0.0106847,245024.0
101112,0.0236798,245484.0
135560,0.000545643,245582.0
135567,0.00813748,246022.0
101117,0.00469033,214484.0
134059,0.00865585,246192.0
68093,3.25529e-05,245754.0
22148,0.00147328,245710.0
47058,8.314e-05,240558.0
22178,6.09796e-05,245984.0
22150,5.02071e-05,239010.0
22151,8.54965e-05,245624.0
22154,0.000358192,245678.0
22159,0.00017913,245632.0
22161,7.33e-05,245566.0
22152,2.03832e-05,245300.0
44494,0.000146759,245300.0
22214,1.06806e-05,187256.0
33858,9.76388e-05,245804.0
22175,0.000139103,244424.0
134252,0.00508451,246238.0
134247,0.00144399,245846.0
134249,0.00189075,245934.0
101455,0.0191881,246246.0
134251,0.00264989,246048.0
134256,0.00471103,244108.0
134237,0.00266376,246268.0
101820,0.0173182,246272.0
136202,0.00426134,239596.0
134467,0.0060719,246216.0
134468,0.00311951,245872.0
136045,0.0236772,246144.0
188057,8.12533e-06,246144.0
188058,4.06326e-06,246108.0
131839,0.0151486,246096.0
71401,2.04268e-05,244776.0
131836,0.0154566,245914.0
102423,0.0401654,245236.0
136168,0.00320252,245432.0
101736,0.00866549,245918.0
101745,0.0377581,245590.0
136170,0.00495577,245774.0
101760,0.0468192,246010.0
136174,0.0138685,243358.0
136164,0.00274125,246238.0
136167,0.00805338,246232.0
135377,0.0148541,235692.0
98938,0.0122624,244814.0
98935,0.0205976,244980.0
135375,0.00848528,245366.0
135373,0.0110843,203712.0
135372,0.00851877,202494.0
135371,0.0334578,243262.0
135370,0.00986428,244620.0
135368,0.0110024,242584.0
135367,0.00539561,243346.0
135366,0.00978169,244334.0
135365,0.00167063,244818.0
98922,0.00635474,245014.0
98998,0.0241336,245798.0
135408,0.00169145,221112.0
135407,0.0100963,221864.0
135406,0.0197837,245454.0
135405,0.0138689,244720.0
135404,0.0226002,238980.0
135402,0.0054529,234554.0
135401,0.0132665,162288.0
135400,0.0241914,244426.0
135399,0.00152707,244258.0
135398,0.00293078,190734.0
135397,0.00389526,238238.0
98982,0.00508456,234632.0
98973,0.0137886,223300.0
98970,0.00939054,161226.0
98967,0.0385484,124052.0
98962,0.0166654,184154.0
135396,0.00177517,177448.0
98961,0.00541438,166224.0
135394,0.00142672,208170.0
98955,0.0355063,240098.0
135390,0.0184228,222984.0
98950,0.0170761,197996.0
135389,0.00248233,208272.0
135388,0.0214988,222152.0
135387,0.0159199,243280.0
135386,0.0112875,239026.0
135385,0.00804512,188810.0
135383,0.00636747,221752.0
98943,0.00638037,228200.0
135382,0.00274436,225918.0
135381,0.0142016,239692.0
135379,0.00325181,245402.0
135409,0.0118427,240486.0
135378,0.00017525,239658.0
44139,4.14559e-05,241220.0
18653,0.00142539,246248.0
18649,2.03039e-05,246258.0
134585,0.0388422,229338.0
21067,0.00173405,246244.0
186790,4.06299e-06,246124.0
186792,8.12348e-06,246200.0
27085,8.14173e-06,245648.0
99418,0.0022563,245978.0
135078,0.00518582,245670.0
135080,0.0230941,246124.0
135079,0.043393,235614.0
134366,0.0282808,227964.0
21366,3.6553e-05,246218.0
21367,3.26256e-05,245206.0
101365,0.102286,245898.0
101369,0.0137491,246270.0
101354,0.0350141,246272.0
135452,0.00488201,246210.0
135453,0.00290946,245406.0
135454,0.0229734,245632.0
135457,0.0065659,246120.0
101362,0.00869846,244756.0
134715,0.00127089,149502.0
134713,0.0316658,150920.0
134724,0.0131764,240506.0
134722,0.00276319,239216.0
134721,0.0201974,237654.0
134720,0.00208714,188296.0
134719,0.00234489,74204.0
135026,0.0373806,245582.0
135024,0.0304021,246266.0
205561,2.43956e-05,245946.0
134167,0.0644979,141586.0
134174,0.00379499,246114.0
134175,0.0471134,246172.0
134176,0.00367706,199344.0
134164,0.00492136,246070.0
134165,0.00504267,246100.0
134166,0.013211,246158.0
134169,0.00529784,246138.0
134170,0.00756923,246128.0
134171,0.0316601,246272.0
135782,0.00399649,246216.0
135783,0.00909031,243776.0
136025,0.0171987,151174.0
142844,0.00743748,245110.0
168884,0.00915664,239826.0
168886,0.00942811,238436.0
168890,0.000620088,243514.0
134325,0.00980809,239802.0
134322,0.00335753,246014.0
136052,0.00474315,246250.0
17681,1.62441e-05,246244.0
136051,0.00988414,246152.0
17683,0.000410279,246174.0
136056,0.0104444,246256.0
79637,0.00226616,246232.0
194563,9.76173e-05,245858.0
133840,0.00217652,245346.0
133839,0.00245329,245792.0
136032,0.00827262,246234.0
131829,0.83031,241770.0
231807,0.000157212,228990.0
186842,4.0863e-06,244720.0
21822,3.26725e-05,244854.0
135068,0.00136621,239348.0
135069,0.334525,244726.0
183068,4.0618e-06,246196.0
186796,4.06184e-06,246194.0
133904,0.0156898,246020.0
133909,0.00667046,246010.0
132794,8.1277e-06,246072.0
150896,2.43793e-05,246110.0
132828,4.07043e-06,245674.0
133906,0.0327085,246144.0
186800,8.13359e-06,245894.0
133908,0.00495319,245902.0
137367,0.00122251,246214.0
180483,2.84333e-05,246190.0
18062,4.47424e-05,245852.0
18075,4.06765e-06,245842.0
150947,4.07907e-06,245154.0
152414,2.84412e-05,246122.0
139492,1.62939e-05,245490.0
186804,8.12506e-06,246152.0
132916,2.84481e-05,246062.0
132920,1.21843e-05,246218.0
183467,1.21872e-05,246160.0
151901,1.62477e-05,246188.0
134246,0.00564126,239840.0
134241,0.00965969,245660.0
134242,0.0400142,245488.0
134243,0.00235615,246164.0
134244,0.00712243,245422.0
134245,0.0023173,245976.0
135472,0.0107111,246006.0
135476,0.00274933,246242.0
135475,0.00700718,245748.0
135474,0.0107895,246166.0
135473,0.0138404,246164.0
134742,0.00399198,246244.0
134738,0.00397058,246060.0
94325,8.53027e-05,246182.0
136042,0.00256861,244490.0
16372,9.58901e-05,239858.0
131794,0.0106737,215952.0
131790,0.0366725,56282.0
131789,0.0118974,246020.0
131784,0.010788,240546.0
106469,0.0335273,150892.0
98638,0.000601171,246186.0
108293,8.12856e-06,246046.0
15667,0.000422716,246028.0
15634,1.62747e-05,245780.0
98658,0.000565565,245772.0
108612,1.22114e-05,245672.0
15638,3.658e-05,246036.0
15623,2.43855e-05,246048.0
98645,5.68916e-05,246082.0
26968,0.00160365,244442.0
168894,0.00501576,246224.0
168897,0.0214601,246224.0
18865,0.000999384,214132.0
18867,0.000463008,246216.0
133983,0.0189235,246202.0
131823,0.0303258,246160.0
131819,0.0303488,246270.0
131824,0.0296359,245884.0
131827,0.0144522,246260.0
131818,0.0144507,243794.0
135742,0.00224718,246086.0
17048,2.84264e-05,246250.0
46492,4.24571e-06,235532.0
44396,0.00707166,246194.0
44392,8.12176e-05,246252.0
186875,3.65714e-05,246094.0
18898,0.000207107,246250.0
186883,1.21823e-05,246258.0
18887,0.000914337,246080.0
186890,4.21735e-05,237116.0
44374,8.53152e-05,246146.0
18896,2.44541e-05,245358.0
167786,0.000670067,246244.0
167783,0.00313137,246218.0
166061,1.62916e-05,245526.0
18901,0.000523888,246236.0
186903,1.21832e-05,246240.0
101295,0.0238892,221104.0
134232,0.0200278,246258.0
134228,0.00666294,236082.0
134229,8.86263e-05,236950.0
133856,0.000515824,246208.0
136227,0.0243057,244922.0
136226,0.030049,213784.0
136225,0.0242956,246176.0
136224,0.0495208,246220.0
136222,0.0183315,245806.0
135462,0.00640787,150596.0
33006,0.0111213,246194.0
33008,0.0229879,246260.0
136176,0.000777099,245786.0
177782,2.43639e-05,246266.0
134023,0.00380281,246134.0
98328,0.00353789,246192.0
134021,0.00229881,246214.0
134022,0.0178046,246228.0
134024,0.00152299,246226.0
98315,0.00740587,245616.0
213634,6.59408e-05,242642.0
134016,0.00361501,246196.0
32653,8.12757e-06,246076.0
134019,2.0329e-05,245954.0
135814,0.017816,246240.0
16148,4.06276e-06,246138.0
49729,0.0356771,246180.0
135811,0.0185108,246234.0
133851,0.000353486,246120.0
133842,0.00120795,245872.0
133845,2.44125e-05,245776.0
133848,0.00409586,245370.0
134235,0.012209,245392.0
134234,0.007652,244642.0
18959,0.00021137,246014.0
99100,0.0412515,245082.0
34164,0.028747,246182.0
135440,0.000645853,246186.0
135439,0.00769087,245616.0
135437,0.0131109,246054.0
135436,0.00270439,246266.0
28535,0.000487286,246262.0
135445,0.00434968,244156.0
135438,0.00176606,244046.0
134861,0.0162128,242154.0
134860,0.00181913,165464.0
134857,0.00202141,238448.0
134855,0.0354796,238954.0
134851,0.0050539,163438.0
134856,0.00440785,149506.0
134864,0.00130171,138280.0
132948,6.09286e-05,246190.0
134708,0.0506894,245140.0
135985,0.016215,245698.0
135980,0.00466252,242358.0
135982,0.0319757,215570.0
135983,0.00315795,178280.0
135984,0.00422468,167350.0
17579,0.00217248,246262.0
17577,0.000284248,246264.0
45169,0.000105582,246254.0
134454,0.0134041,246194.0
142054,0.0141192,245836.0
134226,0.00935076,244900.0
101590,0.00962811,246258.0
101587,0.0456606,246164.0
134473,0.0412073,244908.0
134479,0.0371907,246110.0
134475,0.00940025,246270.0
136036,0.0321553,244252.0
136035,0.00415482,245498.0
21858,0.000822261,245664.0
51184,0.00287905,246262.0
17648,5.28172e-05,246132.0
17644,0.000402086,246216.0
150466,0.000150321,246140.0
33876,2.03034e-05,246264.0
16661,1.62431e-05,246258.0
33871,2.20148e-05,90848.0
134307,0.0105323,246100.0
27037,0.000584824,246228.0
135428,0.00559556,246088.0
24476,0.000448463,245282.0
24474,2.06812e-05,241766.0
135740,0.00266292,189266.0
177421,0.000106029,245216.0
24478,0.000142142,246232.0
135741,0.0418509,246040.0
135686,0.0310295,245798.0
135685,0.00390698,246226.0
135684,0.00744109,242572.0
135682,0.0195086,246096.0
135679,0.00166525,237802.0
135678,0.00410087,176304.0
135677,0.00820468,241082.0
34006,0.00986214,246194.0
98768,0.0348807,226400.0
135676,0.0171247,245960.0
135674,0.0220274,220226.0
135688,0.0287581,246226.0
135681,0.0472854,246038.0
230781,0.000154335,246218.0
19059,0.0203628,244024.0
186993,1.24855e-05,240278.0
186996,8.13041e-06,245990.0
134568,0.0059393,216524.0
98376,0.0174313,246166.0
187012,5.46223e-05,237998.0
187013,2.96764e-05,235878.0
98391,0.0186771,245648.0
53316,0.00285551,245490.0
18005,0.000117761,246262.0
179798,1.62627e-05,245962.0
133987,0.0155145,245964.0
76904,4.49648e-05,244636.0
19826,3.2505e-05,246116.0
99262,0.0101328,245836.0
134502,0.0033873,223482.0
102001,0.0108111,194614.0
134504,0.000689355,110248.0
142429,0.0012675,245364.0
142426,0.00507991,246264.0
142421,0.00103796,204246.0
169589,1.17715e-05,169902.0
142415,0.00283091,156840.0
169594,5.28851e-05,245816.0
142413,0.00465254,246102.0
142412,0.00253828,246230.0
101382,0.000840712,246220.0
169601,0.000653765,246266.0
101385,0.0069181,239372.0
135363,0.0392949,239980.0
135362,0.00341918,246258.0
135351,0.00355646,245750.0
135353,0.00923263,206550.0
135359,0.00755551,240222.0
187056,4.10452e-05,243634.0
15161,2.85665e-05,245042.0
134306,0.0031134,120126.0
44333,0.00248942,244234.0
133779,0.00369503,244382.0
44322,0.0115106,236218.0
133781,0.00931112,184618.0
101072,0.0473333,245620.0
101070,0.00471687,246138.0
101069,0.0158938,246196.0
101066,0.00616792,246112.0
169756,0.00358765,246122.0
101076,0.0236191,246030.0
101074,0.00437293,245602.0
169759,0.000734018,239776.0
169760,0.00350473,235396.0
169802,0.0108637,153078.0
169818,0.0401751,246048.0
133726,0.00415475,246224.0
133727,0.00323626,246272.0
134177,0.00413577,228736.0
18114,4.06805e-06,245818.0
34175,0.00165597,178747.0
