18627	18725	1
18627	18741	1
18627	18959	1
18627	28956	1
18627	32700	1
18627	34261	1
18627	44315	1
18627	44685	1
18627	45234	1
18627	45281	1
18627	45415	1
18627	45929	1
18627	46217	1
18627	46275	1
18627	46324	1
18627	46466	1
18627	46626	1
18627	50077	1
18627	51849	1
18627	52150	1
18627	54081	1
18627	54183	1
18627	59122	1
18627	65946	1
18627	66149	1
18627	67040	1
18627	69597	1
18627	70073	1
18627	94964	1
18627	96735	1
18627	98848	1
18627	98855	1
18627	98869	1
18627	101587	1
18627	131789	1
18627	131895	1
18627	133152	1
18627	133775	1
18627	133853	1
18627	134175	1
18627	134285	1
18627	134393	1
18627	134450	1
18627	134742	1
18627	134765	1
18627	134823	1
18627	135068	1
18627	135168	1
18627	135185	1
18627	135402	1
18627	135437	1
18627	135439	1
18627	135467	1
18627	135474	1
18627	135478	1
18627	135590	1
18627	135594	1
18627	135677	1
18627	135741	1
18627	135772	1
18627	135782	1
18627	135841	1
18627	135843	1
18627	135864	1
18627	135866	1
18627	135891	1
18627	135969	1
18627	136056	1
18627	136095	1
18627	136527	1
18627	140250	1
18627	140271	1
18627	168156	1
18627	168597	1
18627	168775	1
18627	169818	1
18627	171073	1
18627	171126	1
18627	172176	1
18627	184776	1
18627	243273	1
18725	18741	1
18725	18959	1
18725	28956	1
18725	32700	1
18725	34261	1
18725	44315	1
18725	44685	1
18725	45234	1
18725	45281	1
18725	45415	1
18725	45929	1
18725	46217	1
18725	46275	1
18725	46324	1
18725	46466	1
18725	46626	1
18725	50077	1
18725	51849	1
18725	52150	1
18725	54081	1
18725	54183	1
18725	59122	1
18725	65946	1
18725	66149	1
18725	67040	1
18725	69597	1
18725	70073	1
18725	94964	1
18725	96735	1
18725	98848	1
18725	98855	1
18725	98869	1
18725	101587	1
18725	131789	1
18725	131895	1
18725	133152	1
18725	133775	1
18725	133853	1
18725	134175	1
18725	134285	1
18725	134393	1
18725	134450	1
18725	134742	1
18725	134765	1
18725	134823	1
18725	135068	1
18725	135168	1
18725	135185	1
18725	135402	1
18725	135437	1
18725	135439	1
18725	135467	1
18725	135474	1
18725	135478	1
18725	135590	1
18725	135594	1
18725	135677	1
18725	135741	1
18725	135772	1
18725	135782	1
18725	135841	1
18725	135843	1
18725	135864	1
18725	135866	1
18725	135891	1
18725	135969	1
18725	136056	1
18725	136095	1
18725	136527	1
18725	140250	1
18725	140271	1
18725	168156	1
18725	168597	1
18725	168775	1
18725	169818	1
18725	171073	1
18725	171126	1
18725	172176	1
18725	184776	1
18725	243273	1
18741	18959	1
18741	28956	1
18741	32700	1
18741	34261	1
18741	44315	1
18741	44685	1
18741	45234	1
18741	45281	1
18741	45415	1
18741	45929	1
18741	46217	1
18741	46275	1
18741	46324	1
18741	46466	1
18741	46626	1
18741	50077	1
18741	51849	1
18741	52150	1
18741	54081	1
18741	54183	1
18741	59122	1
18741	65946	1
18741	66149	1
18741	67040	1
18741	69597	1
18741	70073	1
18741	94964	1
18741	96735	1
18741	98848	1
18741	98855	1
18741	98869	1
18741	101587	1
18741	131789	1
18741	131895	1
18741	133152	1
18741	133775	1
18741	133853	1
18741	134175	1
18741	134285	1
18741	134393	1
18741	134450	1
18741	134742	1
18741	134765	1
18741	134823	1
18741	135068	1
18741	135168	1
18741	135185	1
18741	135402	1
18741	135437	1
18741	135439	1
18741	135467	1
18741	135474	1
18741	135478	1
18741	135590	1
18741	135594	1
18741	135677	1
18741	135741	1
18741	135772	1
18741	135782	1
18741	135841	1
18741	135843	1
18741	135864	1
18741	135866	1
18741	135891	1
18741	135969	1
18741	136056	1
18741	136095	1
18741	136527	1
18741	140250	1
18741	140271	1
18741	168156	1
18741	168597	1
18741	168775	1
18741	169818	1
18741	171073	1
18741	171126	1
18741	172176	1
18741	184776	1
18741	243273	1
18959	28956	1
18959	32700	1
18959	34261	1
18959	44315	1
18959	44685	1
18959	45234	1
18959	45281	1
18959	45415	1
18959	45929	1
18959	46217	1
18959	46275	1
18959	46324	1
18959	46466	1
18959	46626	1
18959	50077	1
18959	51849	1
18959	52150	1
18959	54081	1
18959	54183	1
18959	59122	1
18959	65946	1
18959	66149	1
18959	67040	1
18959	69597	1
18959	70073	1
18959	94964	1
18959	96735	1
18959	98848	1
18959	98855	1
18959	98869	1
18959	101587	1
18959	131789	1
18959	131895	1
18959	133152	1
18959	133775	1
18959	133853	1
18959	134175	1
18959	134285	1
18959	134393	1
18959	134450	1
18959	134742	1
18959	134765	1
18959	134823	1
18959	135068	1
18959	135168	1
18959	135185	1
18959	135402	1
18959	135437	1
18959	135439	1
18959	135467	1
18959	135474	1
18959	135478	1
18959	135590	1
18959	135594	1
18959	135677	1
18959	135741	1
18959	135772	1
18959	135782	1
18959	135841	1
18959	135843	1
18959	135864	1
18959	135866	1
18959	135891	1
18959	135969	1
18959	136056	1
18959	136095	1
18959	136527	1
18959	140250	1
18959	140271	1
18959	168156	1
18959	168597	1
18959	168775	1
18959	169818	1
18959	171073	1
18959	171126	1
18959	172176	1
18959	184776	1
18959	243273	1
28956	32700	1
28956	34261	1
28956	44315	1
28956	44685	1
28956	45234	1
28956	45281	1
28956	45415	1
28956	45929	1
28956	46217	1
28956	46275	1
28956	46324	1
28956	46466	1
28956	46626	1
28956	50077	1
28956	51849	1
28956	52150	1
28956	54081	1
28956	54183	1
28956	59122	1
28956	65946	1
28956	66149	1
28956	67040	1
28956	69597	1
28956	70073	1
28956	94964	1
28956	96735	1
28956	98848	1
28956	98855	1
28956	98869	1
28956	101587	1
28956	131789	1
28956	131895	1
28956	133152	1
28956	133775	1
28956	133853	1
28956	134175	1
28956	134285	1
28956	134393	1
28956	134450	1
28956	134742	1
28956	134765	1
28956	134823	1
28956	135068	1
28956	135168	1
28956	135185	1
28956	135402	1
28956	135437	1
28956	135439	1
28956	135467	1
28956	135474	1
28956	135478	1
28956	135590	1
28956	135594	1
28956	135677	1
28956	135741	1
28956	135772	1
28956	135782	1
28956	135841	1
28956	135843	1
28956	135864	1
28956	135866	1
28956	135891	1
28956	135969	1
28956	136056	1
28956	136095	1
28956	136527	1
28956	140250	1
28956	140271	1
28956	168156	1
28956	168597	1
28956	168775	1
28956	169818	1
28956	171073	1
28956	171126	1
28956	172176	1
28956	184776	1
28956	243273	1
32700	34261	1
32700	44315	1
32700	44685	1
32700	45234	1
32700	45281	1
32700	45415	1
32700	45929	1
32700	46217	1
32700	46275	1
32700	46324	1
32700	46466	1
32700	46626	1
32700	50077	1
32700	51849	1
32700	52150	1
32700	54081	1
32700	54183	1
32700	59122	1
32700	65946	1
32700	66149	1
32700	67040	1
32700	69597	1
32700	70073	1
32700	94964	1
32700	96735	1
32700	98848	1
32700	98855	1
32700	98869	1
32700	101587	1
32700	131789	1
32700	131895	1
32700	133152	1
32700	133775	1
32700	133853	1
32700	134175	1
32700	134285	1
32700	134393	1
32700	134450	1
32700	134742	1
32700	134765	1
32700	134823	1
32700	135068	1
32700	135168	1
32700	135185	1
32700	135402	1
32700	135437	1
32700	135439	1
32700	135467	1
32700	135474	1
32700	135478	1
32700	135590	1
32700	135594	1
32700	135677	1
32700	135741	1
32700	135772	1
32700	135782	1
32700	135841	1
32700	135843	1
32700	135864	1
32700	135866	1
32700	135891	1
32700	135969	1
32700	136056	1
32700	136095	1
32700	136527	1
32700	140250	1
32700	140271	1
32700	168156	1
32700	168597	1
32700	168775	1
32700	169818	1
32700	171073	1
32700	171126	1
32700	172176	1
32700	184776	1
32700	243273	1
34261	44315	1
34261	44685	1
34261	45234	1
34261	45281	1
34261	45415	1
34261	45929	1
34261	46217	1
34261	46275	1
34261	46324	1
34261	46466	1
34261	46626	1
34261	50077	1
34261	51849	1
34261	52150	1
34261	54081	1
34261	54183	1
34261	59122	1
34261	65946	1
34261	66149	1
34261	67040	1
34261	69597	1
34261	70073	1
34261	94964	1
34261	96735	1
34261	98848	1
34261	98855	1
34261	98869	1
34261	101587	1
34261	131789	1
34261	131895	1
34261	133152	1
34261	133775	1
34261	133853	1
34261	134175	1
34261	134285	1
34261	134393	1
34261	134450	1
34261	134742	1
34261	134765	1
34261	134823	1
34261	135068	1
34261	135168	1
34261	135185	1
34261	135402	1
34261	135437	1
34261	135439	1
34261	135467	1
34261	135474	1
34261	135478	1
34261	135590	1
34261	135594	1
34261	135677	1
34261	135741	1
34261	135772	1
34261	135782	1
34261	135841	1
34261	135843	1
34261	135864	1
34261	135866	1
34261	135891	1
34261	135969	1
34261	136056	1
34261	136095	1
34261	136527	1
34261	140250	1
34261	140271	1
34261	168156	1
34261	168597	1
34261	168775	1
34261	169818	1
34261	171073	1
34261	171126	1
34261	172176	1
34261	184776	1
34261	243273	1
44315	44685	1
44315	45234	1
44315	45281	1
44315	45415	1
44315	45929	1
44315	46217	1
44315	46275	1
44315	46324	1
44315	46466	1
44315	46626	1
44315	50077	1
44315	51849	1
44315	52150	1
44315	54081	1
44315	54183	1
44315	59122	1
44315	65946	1
44315	66149	1
44315	67040	1
44315	69597	1
44315	70073	1
44315	94964	1
44315	96735	1
44315	98848	1
44315	98855	1
44315	98869	1
44315	101587	1
44315	131789	1
44315	131895	1
44315	133152	1
44315	133775	1
44315	133853	1
44315	134175	1
44315	134285	1
44315	134393	1
44315	134450	1
44315	134742	1
44315	134765	1
44315	134823	1
44315	135068	1
44315	135168	1
44315	135185	1
44315	135402	1
44315	135437	1
44315	135439	1
44315	135467	1
44315	135474	1
44315	135478	1
44315	135590	1
44315	135594	1
44315	135677	1
44315	135741	1
44315	135772	1
44315	135782	1
44315	135841	1
44315	135843	1
44315	135864	1
44315	135866	1
44315	135891	1
44315	135969	1
44315	136056	1
44315	136095	1
44315	136527	1
44315	140250	1
44315	140271	1
44315	168156	1
44315	168597	1
44315	168775	1
44315	169818	1
44315	171073	1
44315	171126	1
44315	172176	1
44315	184776	1
44315	243273	1
44685	45234	1
44685	45281	1
44685	45415	1
44685	45929	1
44685	46217	1
44685	46275	1
44685	46324	1
44685	46466	1
44685	46626	1
44685	50077	1
44685	51849	1
44685	52150	1
44685	54081	1
44685	54183	1
44685	59122	1
44685	65946	1
44685	66149	1
44685	67040	1
44685	69597	1
44685	70073	1
44685	94964	1
44685	96735	1
44685	98848	1
44685	98855	1
44685	98869	1
44685	101587	1
44685	131789	1
44685	131895	1
44685	133152	1
44685	133775	1
44685	133853	1
44685	134175	1
44685	134285	1
44685	134393	1
44685	134450	1
44685	134742	1
44685	134765	1
44685	134823	1
44685	135068	1
44685	135168	1
44685	135185	1
44685	135402	1
44685	135437	1
44685	135439	1
44685	135467	1
44685	135474	1
44685	135478	1
44685	135590	1
44685	135594	1
44685	135677	1
44685	135741	1
44685	135772	1
44685	135782	1
44685	135841	1
44685	135843	1
44685	135864	1
44685	135866	1
44685	135891	1
44685	135969	1
44685	136056	1
44685	136095	1
44685	136527	1
44685	140250	1
44685	140271	1
44685	168156	1
44685	168597	1
44685	168775	1
44685	169818	1
44685	171073	1
44685	171126	1
44685	172176	1
44685	184776	1
44685	243273	1
45234	45281	1
45234	45415	1
45234	45929	1
45234	46217	1
45234	46275	1
45234	46324	1
45234	46466	1
45234	46626	1
45234	50077	1
45234	51849	1
45234	52150	1
45234	54081	1
45234	54183	1
45234	59122	1
45234	65946	1
45234	66149	1
45234	67040	1
45234	69597	1
45234	70073	1
45234	94964	1
45234	96735	1
45234	98848	1
45234	98855	1
45234	98869	1
45234	101587	1
45234	131789	1
45234	131895	1
45234	133152	1
45234	133775	1
45234	133853	1
45234	134175	1
45234	134285	1
45234	134393	1
45234	134450	1
45234	134742	1
45234	134765	1
45234	134823	1
45234	135068	1
45234	135168	1
45234	135185	1
45234	135402	1
45234	135437	1
45234	135439	1
45234	135467	1
45234	135474	1
45234	135478	1
45234	135590	1
45234	135594	1
45234	135677	1
45234	135741	1
45234	135772	1
45234	135782	1
45234	135841	1
45234	135843	1
45234	135864	1
45234	135866	1
45234	135891	1
45234	135969	1
45234	136056	1
45234	136095	1
45234	136527	1
45234	140250	1
45234	140271	1
45234	168156	1
45234	168597	1
45234	168775	1
45234	169818	1
45234	171073	1
45234	171126	1
45234	172176	1
45234	184776	1
45234	243273	1
45281	45415	1
45281	45929	1
45281	46217	1
45281	46275	1
45281	46324	1
45281	46466	1
45281	46626	1
45281	50077	1
45281	51849	1
45281	52150	1
45281	54081	1
45281	54183	1
45281	59122	1
45281	65946	1
45281	66149	1
45281	67040	1
45281	69597	1
45281	70073	1
45281	94964	1
45281	96735	1
45281	98848	1
45281	98855	1
45281	98869	1
45281	101587	1
45281	131789	1
45281	131895	1
45281	133152	1
45281	133775	1
45281	133853	1
45281	134175	1
45281	134285	1
45281	134393	1
45281	134450	1
45281	134742	1
45281	134765	1
45281	134823	1
45281	135068	1
45281	135168	1
45281	135185	1
45281	135402	1
45281	135437	1
45281	135439	1
45281	135467	1
45281	135474	1
45281	135478	1
45281	135590	1
45281	135594	1
45281	135677	1
45281	135741	1
45281	135772	1
45281	135782	1
45281	135841	1
45281	135843	1
45281	135864	1
45281	135866	1
45281	135891	1
45281	135969	1
45281	136056	1
45281	136095	1
45281	136527	1
45281	140250	1
45281	140271	1
45281	168156	1
45281	168597	1
45281	168775	1
45281	169818	1
45281	171073	1
45281	171126	1
45281	172176	1
45281	184776	1
45281	243273	1
45415	45929	1
45415	46217	1
45415	46275	1
45415	46324	1
45415	46466	1
45415	46626	1
45415	50077	1
45415	51849	1
45415	52150	1
45415	54081	1
45415	54183	1
45415	59122	1
45415	65946	1
45415	66149	1
45415	67040	1
45415	69597	1
45415	70073	1
45415	94964	1
45415	96735	1
45415	98848	1
45415	98855	1
45415	98869	1
45415	101587	1
45415	131789	1
45415	131895	1
45415	133152	1
45415	133775	1
45415	133853	1
45415	134175	1
45415	134285	1
45415	134393	1
45415	134450	1
45415	134742	1
45415	134765	1
45415	134823	1
45415	135068	1
45415	135168	1
45415	135185	1
45415	135402	1
45415	135437	1
45415	135439	1
45415	135467	1
45415	135474	1
45415	135478	1
45415	135590	1
45415	135594	1
45415	135677	1
45415	135741	1
45415	135772	1
45415	135782	1
45415	135841	1
45415	135843	1
45415	135864	1
45415	135866	1
45415	135891	1
45415	135969	1
45415	136056	1
45415	136095	1
45415	136527	1
45415	140250	1
45415	140271	1
45415	168156	1
45415	168597	1
45415	168775	1
45415	169818	1
45415	171073	1
45415	171126	1
45415	172176	1
45415	184776	1
45415	243273	1
45929	46217	1
45929	46275	1
45929	46324	1
45929	46466	1
45929	46626	1
45929	50077	1
45929	51849	1
45929	52150	1
45929	54081	1
45929	54183	1
45929	59122	1
45929	65946	1
45929	66149	1
45929	67040	1
45929	69597	1
45929	70073	1
45929	94964	1
45929	96735	1
45929	98848	1
45929	98855	1
45929	98869	1
45929	101587	1
45929	131789	1
45929	131895	1
45929	133152	1
45929	133775	1
45929	133853	1
45929	134175	1
45929	134285	1
45929	134393	1
45929	134450	1
45929	134742	1
45929	134765	1
45929	134823	1
45929	135068	1
45929	135168	1
45929	135185	1
45929	135402	1
45929	135437	1
45929	135439	1
45929	135467	1
45929	135474	1
45929	135478	1
45929	135590	1
45929	135594	1
45929	135677	1
45929	135741	1
45929	135772	1
45929	135782	1
45929	135841	1
45929	135843	1
45929	135864	1
45929	135866	1
45929	135891	1
45929	135969	1
45929	136056	1
45929	136095	1
45929	136527	1
45929	140250	1
45929	140271	1
45929	168156	1
45929	168597	1
45929	168775	1
45929	169818	1
45929	171073	1
45929	171126	1
45929	172176	1
45929	184776	1
45929	243273	1
46217	46275	1
46217	46324	1
46217	46466	1
46217	46626	1
46217	50077	1
46217	51849	1
46217	52150	1
46217	54081	1
46217	54183	1
46217	59122	1
46217	65946	1
46217	66149	1
46217	67040	1
46217	69597	1
46217	70073	1
46217	94964	1
46217	96735	1
46217	98848	1
46217	98855	1
46217	98869	1
46217	101587	1
46217	131789	1
46217	131895	1
46217	133152	1
46217	133775	1
46217	133853	1
46217	134175	1
46217	134285	1
46217	134393	1
46217	134450	1
46217	134742	1
46217	134765	1
46217	134823	1
46217	135068	1
46217	135168	1
46217	135185	1
46217	135402	1
46217	135437	1
46217	135439	1
46217	135467	1
46217	135474	1
46217	135478	1
46217	135590	1
46217	135594	1
46217	135677	1
46217	135741	1
46217	135772	1
46217	135782	1
46217	135841	1
46217	135843	1
46217	135864	1
46217	135866	1
46217	135891	1
46217	135969	1
46217	136056	1
46217	136095	1
46217	136527	1
46217	140250	1
46217	140271	1
46217	168156	1
46217	168597	1
46217	168775	1
46217	169818	1
46217	171073	1
46217	171126	1
46217	172176	1
46217	184776	1
46217	243273	1
46275	46324	1
46275	46466	1
46275	46626	1
46275	50077	1
46275	51849	1
46275	52150	1
46275	54081	1
46275	54183	1
46275	59122	1
46275	65946	1
46275	66149	1
46275	67040	1
46275	69597	1
46275	70073	1
46275	94964	1
46275	96735	1
46275	98848	1
46275	98855	1
46275	98869	1
46275	101587	1
46275	131789	1
46275	131895	1
46275	133152	1
46275	133775	1
46275	133853	1
46275	134175	1
46275	134285	1
46275	134393	1
46275	134450	1
46275	134742	1
46275	134765	1
46275	134823	1
46275	135068	1
46275	135168	1
46275	135185	1
46275	135402	1
46275	135437	1
46275	135439	1
46275	135467	1
46275	135474	1
46275	135478	1
46275	135590	1
46275	135594	1
46275	135677	1
46275	135741	1
46275	135772	1
46275	135782	1
46275	135841	1
46275	135843	1
46275	135864	1
46275	135866	1
46275	135891	1
46275	135969	1
46275	136056	1
46275	136095	1
46275	136527	1
46275	140250	1
46275	140271	1
46275	168156	1
46275	168597	1
46275	168775	1
46275	169818	1
46275	171073	1
46275	171126	1
46275	172176	1
46275	184776	1
46275	243273	1
46324	46466	1
46324	46626	1
46324	50077	1
46324	51849	1
46324	52150	1
46324	54081	1
46324	54183	1
46324	59122	1
46324	65946	1
46324	66149	1
46324	67040	1
46324	69597	1
46324	70073	1
46324	94964	1
46324	96735	1
46324	98848	1
46324	98855	1
46324	98869	1
46324	101587	1
46324	131789	1
46324	131895	1
46324	133152	1
46324	133775	1
46324	133853	1
46324	134175	1
46324	134285	1
46324	134393	1
46324	134450	1
46324	134742	1
46324	134765	1
46324	134823	1
46324	135068	1
46324	135168	1
46324	135185	1
46324	135402	1
46324	135437	1
46324	135439	1
46324	135467	1
46324	135474	1
46324	135478	1
46324	135590	1
46324	135594	1
46324	135677	1
46324	135741	1
46324	135772	1
46324	135782	1
46324	135841	1
46324	135843	1
46324	135864	1
46324	135866	1
46324	135891	1
46324	135969	1
46324	136056	1
46324	136095	1
46324	136527	1
46324	140250	1
46324	140271	1
46324	168156	1
46324	168597	1
46324	168775	1
46324	169818	1
46324	171073	1
46324	171126	1
46324	172176	1
46324	184776	1
46324	243273	1
46466	46626	1
46466	50077	1
46466	51849	1
46466	52150	1
46466	54081	1
46466	54183	1
46466	59122	1
46466	65946	1
46466	66149	1
46466	67040	1
46466	69597	1
46466	70073	1
46466	94964	1
46466	96735	1
46466	98848	1
46466	98855	1
46466	98869	1
46466	101587	1
46466	131789	1
46466	131895	1
46466	133152	1
46466	133775	1
46466	133853	1
46466	134175	1
46466	134285	1
46466	134393	1
46466	134450	1
46466	134742	1
46466	134765	1
46466	134823	1
46466	135068	1
46466	135168	1
46466	135185	1
46466	135402	1
46466	135437	1
46466	135439	1
46466	135467	1
46466	135474	1
46466	135478	1
46466	135590	1
46466	135594	1
46466	135677	1
46466	135741	1
46466	135772	1
46466	135782	1
46466	135841	1
46466	135843	1
46466	135864	1
46466	135866	1
46466	135891	1
46466	135969	1
46466	136056	1
46466	136095	1
46466	136527	1
46466	140250	1
46466	140271	1
46466	168156	1
46466	168597	1
46466	168775	1
46466	169818	1
46466	171073	1
46466	171126	1
46466	172176	1
46466	184776	1
46466	243273	1
46626	50077	1
46626	51849	1
46626	52150	1
46626	54081	1
46626	54183	1
46626	59122	1
46626	65946	1
46626	66149	1
46626	67040	1
46626	69597	1
46626	70073	1
46626	94964	1
46626	96735	1
46626	98848	1
46626	98855	1
46626	98869	1
46626	101587	1
46626	131789	1
46626	131895	1
46626	133152	1
46626	133775	1
46626	133853	1
46626	134175	1
46626	134285	1
46626	134393	1
46626	134450	1
46626	134742	1
46626	134765	1
46626	134823	1
46626	135068	1
46626	135168	1
46626	135185	1
46626	135402	1
46626	135437	1
46626	135439	1
46626	135467	1
46626	135474	1
46626	135478	1
46626	135590	1
46626	135594	1
46626	135677	1
46626	135741	1
46626	135772	1
46626	135782	1
46626	135841	1
46626	135843	1
46626	135864	1
46626	135866	1
46626	135891	1
46626	135969	1
46626	136056	1
46626	136095	1
46626	136527	1
46626	140250	1
46626	140271	1
46626	168156	1
46626	168597	1
46626	168775	1
46626	169818	1
46626	171073	1
46626	171126	1
46626	172176	1
46626	184776	1
46626	243273	1
50077	51849	1
50077	52150	1
50077	54081	1
50077	54183	1
50077	59122	1
50077	65946	1
50077	66149	1
50077	67040	1
50077	69597	1
50077	70073	1
50077	94964	1
50077	96735	1
50077	98848	1
50077	98855	1
50077	98869	1
50077	101587	1
50077	131789	1
50077	131895	1
50077	133152	1
50077	133775	1
50077	133853	1
50077	134175	1
50077	134285	1
50077	134393	1
50077	134450	1
50077	134742	1
50077	134765	1
50077	134823	1
50077	135068	1
50077	135168	1
50077	135185	1
50077	135402	1
50077	135437	1
50077	135439	1
50077	135467	1
50077	135474	1
50077	135478	1
50077	135590	1
50077	135594	1
50077	135677	1
50077	135741	1
50077	135772	1
50077	135782	1
50077	135841	1
50077	135843	1
50077	135864	1
50077	135866	1
50077	135891	1
50077	135969	1
50077	136056	1
50077	136095	1
50077	136527	1
50077	140250	1
50077	140271	1
50077	168156	1
50077	168597	1
50077	168775	1
50077	169818	1
50077	171073	1
50077	171126	1
50077	172176	1
50077	184776	1
50077	243273	1
51849	52150	1
51849	54081	1
51849	54183	1
51849	59122	1
51849	65946	1
51849	66149	1
51849	67040	1
51849	69597	1
51849	70073	1
51849	94964	1
51849	96735	1
51849	98848	1
51849	98855	1
51849	98869	1
51849	101587	1
51849	131789	1
51849	131895	1
51849	133152	1
51849	133775	1
51849	133853	1
51849	134175	1
51849	134285	1
51849	134393	1
51849	134450	1
51849	134742	1
51849	134765	1
51849	134823	1
51849	135068	1
51849	135168	1
51849	135185	1
51849	135402	1
51849	135437	1
51849	135439	1
51849	135467	1
51849	135474	1
51849	135478	1
51849	135590	1
51849	135594	1
51849	135677	1
51849	135741	1
51849	135772	1
51849	135782	1
51849	135841	1
51849	135843	1
51849	135864	1
51849	135866	1
51849	135891	1
51849	135969	1
51849	136056	1
51849	136095	1
51849	136527	1
51849	140250	1
51849	140271	1
51849	168156	1
51849	168597	1
51849	168775	1
51849	169818	1
51849	171073	1
51849	171126	1
51849	172176	1
51849	184776	1
51849	243273	1
52150	54081	1
52150	54183	1
52150	59122	1
52150	65946	1
52150	66149	1
52150	67040	1
52150	69597	1
52150	70073	1
52150	94964	1
52150	96735	1
52150	98848	1
52150	98855	1
52150	98869	1
52150	101587	1
52150	131789	1
52150	131895	1
52150	133152	1
52150	133775	1
52150	133853	1
52150	134175	1
52150	134285	1
52150	134393	1
52150	134450	1
52150	134742	1
52150	134765	1
52150	134823	1
52150	135068	1
52150	135168	1
52150	135185	1
52150	135402	1
52150	135437	1
52150	135439	1
52150	135467	1
52150	135474	1
52150	135478	1
52150	135590	1
52150	135594	1
52150	135677	1
52150	135741	1
52150	135772	1
52150	135782	1
52150	135841	1
52150	135843	1
52150	135864	1
52150	135866	1
52150	135891	1
52150	135969	1
52150	136056	1
52150	136095	1
52150	136527	1
52150	140250	1
52150	140271	1
52150	168156	1
52150	168597	1
52150	168775	1
52150	169818	1
52150	171073	1
52150	171126	1
52150	172176	1
52150	184776	1
52150	243273	1
54081	54183	1
54081	59122	1
54081	65946	1
54081	66149	1
54081	67040	1
54081	69597	1
54081	70073	1
54081	94964	1
54081	96735	1
54081	98848	1
54081	98855	1
54081	98869	1
54081	101587	1
54081	131789	1
54081	131895	1
54081	133152	1
54081	133775	1
54081	133853	1
54081	134175	1
54081	134285	1
54081	134393	1
54081	134450	1
54081	134742	1
54081	134765	1
54081	134823	1
54081	135068	1
54081	135168	1
54081	135185	1
54081	135402	1
54081	135437	1
54081	135439	1
54081	135467	1
54081	135474	1
54081	135478	1
54081	135590	1
54081	135594	1
54081	135677	1
54081	135741	1
54081	135772	1
54081	135782	1
54081	135841	1
54081	135843	1
54081	135864	1
54081	135866	1
54081	135891	1
54081	135969	1
54081	136056	1
54081	136095	1
54081	136527	1
54081	140250	1
54081	140271	1
54081	168156	1
54081	168597	1
54081	168775	1
54081	169818	1
54081	171073	1
54081	171126	1
54081	172176	1
54081	184776	1
54081	243273	1
54183	59122	1
54183	65946	1
54183	66149	1
54183	67040	1
54183	69597	1
54183	70073	1
54183	94964	1
54183	96735	1
54183	98848	1
54183	98855	1
54183	98869	1
54183	101587	1
54183	131789	1
54183	131895	1
54183	133152	1
54183	133775	1
54183	133853	1
54183	134175	1
54183	134285	1
54183	134393	1
54183	134450	1
54183	134742	1
54183	134765	1
54183	134823	1
54183	135068	1
54183	135168	1
54183	135185	1
54183	135402	1
54183	135437	1
54183	135439	1
54183	135467	1
54183	135474	1
54183	135478	1
54183	135590	1
54183	135594	1
54183	135677	1
54183	135741	1
54183	135772	1
54183	135782	1
54183	135841	1
54183	135843	1
54183	135864	1
54183	135866	1
54183	135891	1
54183	135969	1
54183	136056	1
54183	136095	1
54183	136527	1
54183	140250	1
54183	140271	1
54183	168156	1
54183	168597	1
54183	168775	1
54183	169818	1
54183	171073	1
54183	171126	1
54183	172176	1
54183	184776	1
54183	243273	1
59122	65946	1
59122	66149	1
59122	67040	1
59122	69597	1
59122	70073	1
59122	94964	1
59122	96735	1
59122	98848	1
59122	98855	1
59122	98869	1
59122	101587	1
59122	131789	1
59122	131895	1
59122	133152	1
59122	133775	1
59122	133853	1
59122	134175	1
59122	134285	1
59122	134393	1
59122	134450	1
59122	134742	1
59122	134765	1
59122	134823	1
59122	135068	1
59122	135168	1
59122	135185	1
59122	135402	1
59122	135437	1
59122	135439	1
59122	135467	1
59122	135474	1
59122	135478	1
59122	135590	1
59122	135594	1
59122	135677	1
59122	135741	1
59122	135772	1
59122	135782	1
59122	135841	1
59122	135843	1
59122	135864	1
59122	135866	1
59122	135891	1
59122	135969	1
59122	136056	1
59122	136095	1
59122	136527	1
59122	140250	1
59122	140271	1
59122	168156	1
59122	168597	1
59122	168775	1
59122	169818	1
59122	171073	1
59122	171126	1
59122	172176	1
59122	184776	1
59122	243273	1
65946	66149	1
65946	67040	1
65946	69597	1
65946	70073	1
65946	94964	1
65946	96735	1
65946	98848	1
65946	98855	1
65946	98869	1
65946	101587	1
65946	131789	1
65946	131895	1
65946	133152	1
65946	133775	1
65946	133853	1
65946	134175	1
65946	134285	1
65946	134393	1
65946	134450	1
65946	134742	1
65946	134765	1
65946	134823	1
65946	135068	1
65946	135168	1
65946	135185	1
65946	135402	1
65946	135437	1
65946	135439	1
65946	135467	1
65946	135474	1
65946	135478	1
65946	135590	1
65946	135594	1
65946	135677	1
65946	135741	1
65946	135772	1
65946	135782	1
65946	135841	1
65946	135843	1
65946	135864	1
65946	135866	1
65946	135891	1
65946	135969	1
65946	136056	1
65946	136095	1
65946	136527	1
65946	140250	1
65946	140271	1
65946	168156	1
65946	168597	1
65946	168775	1
65946	169818	1
65946	171073	1
65946	171126	1
65946	172176	1
65946	184776	1
65946	243273	1
66149	67040	1
66149	69597	1
66149	70073	1
66149	94964	1
66149	96735	1
66149	98848	1
66149	98855	1
66149	98869	1
66149	101587	1
66149	131789	1
66149	131895	1
66149	133152	1
66149	133775	1
66149	133853	1
66149	134175	1
66149	134285	1
66149	134393	1
66149	134450	1
66149	134742	1
66149	134765	1
66149	134823	1
66149	135068	1
66149	135168	1
66149	135185	1
66149	135402	1
66149	135437	1
66149	135439	1
66149	135467	1
66149	135474	1
66149	135478	1
66149	135590	1
66149	135594	1
66149	135677	1
66149	135741	1
66149	135772	1
66149	135782	1
66149	135841	1
66149	135843	1
66149	135864	1
66149	135866	1
66149	135891	1
66149	135969	1
66149	136056	1
66149	136095	1
66149	136527	1
66149	140250	1
66149	140271	1
66149	168156	1
66149	168597	1
66149	168775	1
66149	169818	1
66149	171073	1
66149	171126	1
66149	172176	1
66149	184776	1
66149	243273	1
67040	69597	1
67040	70073	1
67040	94964	1
67040	96735	1
67040	98848	1
67040	98855	1
67040	98869	1
67040	101587	1
67040	131789	1
67040	131895	1
67040	133152	1
67040	133775	1
67040	133853	1
67040	134175	1
67040	134285	1
67040	134393	1
67040	134450	1
67040	134742	1
67040	134765	1
67040	134823	1
67040	135068	1
67040	135168	1
67040	135185	1
67040	135402	1
67040	135437	1
67040	135439	1
67040	135467	1
67040	135474	1
67040	135478	1
67040	135590	1
67040	135594	1
67040	135677	1
67040	135741	1
67040	135772	1
67040	135782	1
67040	135841	1
67040	135843	1
67040	135864	1
67040	135866	1
67040	135891	1
67040	135969	1
67040	136056	1
67040	136095	1
67040	136527	1
67040	140250	1
67040	140271	1
67040	168156	1
67040	168597	1
67040	168775	1
67040	169818	1
67040	171073	1
67040	171126	1
67040	172176	1
67040	184776	1
67040	243273	1
69597	70073	1
69597	94964	1
69597	96735	1
69597	98848	1
69597	98855	1
69597	98869	1
69597	101587	1
69597	131789	1
69597	131895	1
69597	133152	1
69597	133775	1
69597	133853	1
69597	134175	1
69597	134285	1
69597	134393	1
69597	134450	1
69597	134742	1
69597	134765	1
69597	134823	1
69597	135068	1
69597	135168	1
69597	135185	1
69597	135402	1
69597	135437	1
69597	135439	1
69597	135467	1
69597	135474	1
69597	135478	1
69597	135590	1
69597	135594	1
69597	135677	1
69597	135741	1
69597	135772	1
69597	135782	1
69597	135841	1
69597	135843	1
69597	135864	1
69597	135866	1
69597	135891	1
69597	135969	1
69597	136056	1
69597	136095	1
69597	136527	1
69597	140250	1
69597	140271	1
69597	168156	1
69597	168597	1
69597	168775	1
69597	169818	1
69597	171073	1
69597	171126	1
69597	172176	1
69597	184776	1
69597	243273	1
70073	94964	1
70073	96735	1
70073	98848	1
70073	98855	1
70073	98869	1
70073	101587	1
70073	131789	1
70073	131895	1
70073	133152	1
70073	133775	1
70073	133853	1
70073	134175	1
70073	134285	1
70073	134393	1
70073	134450	1
70073	134742	1
70073	134765	1
70073	134823	1
70073	135068	1
70073	135168	1
70073	135185	1
70073	135402	1
70073	135437	1
70073	135439	1
70073	135467	1
70073	135474	1
70073	135478	1
70073	135590	1
70073	135594	1
70073	135677	1
70073	135741	1
70073	135772	1
70073	135782	1
70073	135841	1
70073	135843	1
70073	135864	1
70073	135866	1
70073	135891	1
70073	135969	1
70073	136056	1
70073	136095	1
70073	136527	1
70073	140250	1
70073	140271	1
70073	168156	1
70073	168597	1
70073	168775	1
70073	169818	1
70073	171073	1
70073	171126	1
70073	172176	1
70073	184776	1
70073	243273	1
94964	96735	1
94964	98848	1
94964	98855	1
94964	98869	1
94964	101587	1
94964	131789	1
94964	131895	1
94964	133152	1
94964	133775	1
94964	133853	1
94964	134175	1
94964	134285	1
94964	134393	1
94964	134450	1
94964	134742	1
94964	134765	1
94964	134823	1
94964	135068	1
94964	135168	1
94964	135185	1
94964	135402	1
94964	135437	1
94964	135439	1
94964	135467	1
94964	135474	1
94964	135478	1
94964	135590	1
94964	135594	1
94964	135677	1
94964	135741	1
94964	135772	1
94964	135782	1
94964	135841	1
94964	135843	1
94964	135864	1
94964	135866	1
94964	135891	1
94964	135969	1
94964	136056	1
94964	136095	1
94964	136527	1
94964	140250	1
94964	140271	1
94964	168156	1
94964	168597	1
94964	168775	1
94964	169818	1
94964	171073	1
94964	171126	1
94964	172176	1
94964	184776	1
94964	243273	1
96735	98848	1
96735	98855	1
96735	98869	1
96735	101587	1
96735	131789	1
96735	131895	1
96735	133152	1
96735	133775	1
96735	133853	1
96735	134175	1
96735	134285	1
96735	134393	1
96735	134450	1
96735	134742	1
96735	134765	1
96735	134823	1
96735	135068	1
96735	135168	1
96735	135185	1
96735	135402	1
96735	135437	1
96735	135439	1
96735	135467	1
96735	135474	1
96735	135478	1
96735	135590	1
96735	135594	1
96735	135677	1
96735	135741	1
96735	135772	1
96735	135782	1
96735	135841	1
96735	135843	1
96735	135864	1
96735	135866	1
96735	135891	1
96735	135969	1
96735	136056	1
96735	136095	1
96735	136527	1
96735	140250	1
96735	140271	1
96735	168156	1
96735	168597	1
96735	168775	1
96735	169818	1
96735	171073	1
96735	171126	1
96735	172176	1
96735	184776	1
96735	243273	1
98848	98855	1
98848	98869	1
98848	101587	1
98848	131789	1
98848	131895	1
98848	133152	1
98848	133775	1
98848	133853	1
98848	134175	1
98848	134285	1
98848	134393	1
98848	134450	1
98848	134742	1
98848	134765	1
98848	134823	1
98848	135068	1
98848	135168	1
98848	135185	1
98848	135402	1
98848	135437	1
98848	135439	1
98848	135467	1
98848	135474	1
98848	135478	1
98848	135590	1
98848	135594	1
98848	135677	1
98848	135741	1
98848	135772	1
98848	135782	1
98848	135841	1
98848	135843	1
98848	135864	1
98848	135866	1
98848	135891	1
98848	135969	1
98848	136056	1
98848	136095	1
98848	136527	1
98848	140250	1
98848	140271	1
98848	168156	1
98848	168597	1
98848	168775	1
98848	169818	1
98848	171073	1
98848	171126	1
98848	172176	1
98848	184776	1
98848	243273	1
98855	98869	1
98855	101587	1
98855	131789	1
98855	131895	1
98855	133152	1
98855	133775	1
98855	133853	1
98855	134175	1
98855	134285	1
98855	134393	1
98855	134450	1
98855	134742	1
98855	134765	1
98855	134823	1
98855	135068	1
98855	135168	1
98855	135185	1
98855	135402	1
98855	135437	1
98855	135439	1
98855	135467	1
98855	135474	1
98855	135478	1
98855	135590	1
98855	135594	1
98855	135677	1
98855	135741	1
98855	135772	1
98855	135782	1
98855	135841	1
98855	135843	1
98855	135864	1
98855	135866	1
98855	135891	1
98855	135969	1
98855	136056	1
98855	136095	1
98855	136527	1
98855	140250	1
98855	140271	1
98855	168156	1
98855	168597	1
98855	168775	1
98855	169818	1
98855	171073	1
98855	171126	1
98855	172176	1
98855	184776	1
98855	243273	1
98869	101587	1
98869	131789	1
98869	131895	1
98869	133152	1
98869	133775	1
98869	133853	1
98869	134175	1
98869	134285	1
98869	134393	1
98869	134450	1
98869	134742	1
98869	134765	1
98869	134823	1
98869	135068	1
98869	135168	1
98869	135185	1
98869	135402	1
98869	135437	1
98869	135439	1
98869	135467	1
98869	135474	1
98869	135478	1
98869	135590	1
98869	135594	1
98869	135677	1
98869	135741	1
98869	135772	1
98869	135782	1
98869	135841	1
98869	135843	1
98869	135864	1
98869	135866	1
98869	135891	1
98869	135969	1
98869	136056	1
98869	136095	1
98869	136527	1
98869	140250	1
98869	140271	1
98869	168156	1
98869	168597	1
98869	168775	1
98869	169818	1
98869	171073	1
98869	171126	1
98869	172176	1
98869	184776	1
98869	243273	1
101587	131789	1
101587	131895	1
101587	133152	1
101587	133775	1
101587	133853	1
101587	134175	1
101587	134285	1
101587	134393	1
101587	134450	1
101587	134742	1
101587	134765	1
101587	134823	1
101587	135068	1
101587	135168	1
101587	135185	1
101587	135402	1
101587	135437	1
101587	135439	1
101587	135467	1
101587	135474	1
101587	135478	1
101587	135590	1
101587	135594	1
101587	135677	1
101587	135741	1
101587	135772	1
101587	135782	1
101587	135841	1
101587	135843	1
101587	135864	1
101587	135866	1
101587	135891	1
101587	135969	1
101587	136056	1
101587	136095	1
101587	136527	1
101587	140250	1
101587	140271	1
101587	168156	1
101587	168597	1
101587	168775	1
101587	169818	1
101587	171073	1
101587	171126	1
101587	172176	1
101587	184776	1
101587	243273	1
131789	131895	1
131789	133152	1
131789	133775	1
131789	133853	1
131789	134175	1
131789	134285	1
131789	134393	1
131789	134450	1
131789	134742	1
131789	134765	1
131789	134823	1
131789	135068	1
131789	135168	1
131789	135185	1
131789	135402	1
131789	135437	1
131789	135439	1
131789	135467	1
131789	135474	1
131789	135478	1
131789	135590	1
131789	135594	1
131789	135677	1
131789	135741	1
131789	135772	1
131789	135782	1
131789	135841	1
131789	135843	1
131789	135864	1
131789	135866	1
131789	135891	1
131789	135969	1
131789	136056	1
131789	136095	1
131789	136527	1
131789	140250	1
131789	140271	1
131789	168156	1
131789	168597	1
131789	168775	1
131789	169818	1
131789	171073	1
131789	171126	1
131789	172176	1
131789	184776	1
131789	243273	1
131895	133152	1
131895	133775	1
131895	133853	1
131895	134175	1
131895	134285	1
131895	134393	1
131895	134450	1
131895	134742	1
131895	134765	1
131895	134823	1
131895	135068	1
131895	135168	1
131895	135185	1
131895	135402	1
131895	135437	1
131895	135439	1
131895	135467	1
131895	135474	1
131895	135478	1
131895	135590	1
131895	135594	1
131895	135677	1
131895	135741	1
131895	135772	1
131895	135782	1
131895	135841	1
131895	135843	1
131895	135864	1
131895	135866	1
131895	135891	1
131895	135969	1
131895	136056	1
131895	136095	1
131895	136527	1
131895	140250	1
131895	140271	1
131895	168156	1
131895	168597	1
131895	168775	1
131895	169818	1
131895	171073	1
131895	171126	1
131895	172176	1
131895	184776	1
131895	243273	1
133152	133775	1
133152	133853	1
133152	134175	1
133152	134285	1
133152	134393	1
133152	134450	1
133152	134742	1
133152	134765	1
133152	134823	1
133152	135068	1
133152	135168	1
133152	135185	1
133152	135402	1
133152	135437	1
133152	135439	1
133152	135467	1
133152	135474	1
133152	135478	1
133152	135590	1
133152	135594	1
133152	135677	1
133152	135741	1
133152	135772	1
133152	135782	1
133152	135841	1
133152	135843	1
133152	135864	1
133152	135866	1
133152	135891	1
133152	135969	1
133152	136056	1
133152	136095	1
133152	136527	1
133152	140250	1
133152	140271	1
133152	168156	1
133152	168597	1
133152	168775	1
133152	169818	1
133152	171073	1
133152	171126	1
133152	172176	1
133152	184776	1
133152	243273	1
133775	133853	1
133775	134175	1
133775	134285	1
133775	134393	1
133775	134450	1
133775	134742	1
133775	134765	1
133775	134823	1
133775	135068	1
133775	135168	1
133775	135185	1
133775	135402	1
133775	135437	1
133775	135439	1
133775	135467	1
133775	135474	1
133775	135478	1
133775	135590	1
133775	135594	1
133775	135677	1
133775	135741	1
133775	135772	1
133775	135782	1
133775	135841	1
133775	135843	1
133775	135864	1
133775	135866	1
133775	135891	1
133775	135969	1
133775	136056	1
133775	136095	1
133775	136527	1
133775	140250	1
133775	140271	1
133775	168156	1
133775	168597	1
133775	168775	1
133775	169818	1
133775	171073	1
133775	171126	1
133775	172176	1
133775	184776	1
133775	243273	1
133853	134175	1
133853	134285	1
133853	134393	1
133853	134450	1
133853	134742	1
133853	134765	1
133853	134823	1
133853	135068	1
133853	135168	1
133853	135185	1
133853	135402	1
133853	135437	1
133853	135439	1
133853	135467	1
133853	135474	1
133853	135478	1
133853	135590	1
133853	135594	1
133853	135677	1
133853	135741	1
133853	135772	1
133853	135782	1
133853	135841	1
133853	135843	1
133853	135864	1
133853	135866	1
133853	135891	1
133853	135969	1
133853	136056	1
133853	136095	1
133853	136527	1
133853	140250	1
133853	140271	1
133853	168156	1
133853	168597	1
133853	168775	1
133853	169818	1
133853	171073	1
133853	171126	1
133853	172176	1
133853	184776	1
133853	243273	1
134175	134285	1
134175	134393	1
134175	134450	1
134175	134742	1
134175	134765	1
134175	134823	1
134175	135068	1
134175	135168	1
134175	135185	1
134175	135402	1
134175	135437	1
134175	135439	1
134175	135467	1
134175	135474	1
134175	135478	1
134175	135590	1
134175	135594	1
134175	135677	1
134175	135741	1
134175	135772	1
134175	135782	1
134175	135841	1
134175	135843	1
134175	135864	1
134175	135866	1
134175	135891	1
134175	135969	1
134175	136056	1
134175	136095	1
134175	136527	1
134175	140250	1
134175	140271	1
134175	168156	1
134175	168597	1
134175	168775	1
134175	169818	1
134175	171073	1
134175	171126	1
134175	172176	1
134175	184776	1
134175	243273	1
134285	134393	1
134285	134450	1
134285	134742	1
134285	134765	1
134285	134823	1
134285	135068	1
134285	135168	1
134285	135185	1
134285	135402	1
134285	135437	1
134285	135439	1
134285	135467	1
134285	135474	1
134285	135478	1
134285	135590	1
134285	135594	1
134285	135677	1
134285	135741	1
134285	135772	1
134285	135782	1
134285	135841	1
134285	135843	1
134285	135864	1
134285	135866	1
134285	135891	1
134285	135969	1
134285	136056	1
134285	136095	1
134285	136527	1
134285	140250	1
134285	140271	1
134285	168156	1
134285	168597	1
134285	168775	1
134285	169818	1
134285	171073	1
134285	171126	1
134285	172176	1
134285	184776	1
134285	243273	1
134393	134450	1
134393	134742	1
134393	134765	1
134393	134823	1
134393	135068	1
134393	135168	1
134393	135185	1
134393	135402	1
134393	135437	1
134393	135439	1
134393	135467	1
134393	135474	1
134393	135478	1
134393	135590	1
134393	135594	1
134393	135677	1
134393	135741	1
134393	135772	1
134393	135782	1
134393	135841	1
134393	135843	1
134393	135864	1
134393	135866	1
134393	135891	1
134393	135969	1
134393	136056	1
134393	136095	1
134393	136527	1
134393	140250	1
134393	140271	1
134393	168156	1
134393	168597	1
134393	168775	1
134393	169818	1
134393	171073	1
134393	171126	1
134393	172176	1
134393	184776	1
134393	243273	1
134450	134742	1
134450	134765	1
134450	134823	1
134450	135068	1
134450	135168	1
134450	135185	1
134450	135402	1
134450	135437	1
134450	135439	1
134450	135467	1
134450	135474	1
134450	135478	1
134450	135590	1
134450	135594	1
134450	135677	1
134450	135741	1
134450	135772	1
134450	135782	1
134450	135841	1
134450	135843	1
134450	135864	1
134450	135866	1
134450	135891	1
134450	135969	1
134450	136056	1
134450	136095	1
134450	136527	1
134450	140250	1
134450	140271	1
134450	168156	1
134450	168597	1
134450	168775	1
134450	169818	1
134450	171073	1
134450	171126	1
134450	172176	1
134450	184776	1
134450	243273	1
134742	134765	1
134742	134823	1
134742	135068	1
134742	135168	1
134742	135185	1
134742	135402	1
134742	135437	1
134742	135439	1
134742	135467	1
134742	135474	1
134742	135478	1
134742	135590	1
134742	135594	1
134742	135677	1
134742	135741	1
134742	135772	1
134742	135782	1
134742	135841	1
134742	135843	1
134742	135864	1
134742	135866	1
134742	135891	1
134742	135969	1
134742	136056	1
134742	136095	1
134742	136527	1
134742	140250	1
134742	140271	1
134742	168156	1
134742	168597	1
134742	168775	1
134742	169818	1
134742	171073	1
134742	171126	1
134742	172176	1
134742	184776	1
134742	243273	1
134765	134823	1
134765	135068	1
134765	135168	1
134765	135185	1
134765	135402	1
134765	135437	1
134765	135439	1
134765	135467	1
134765	135474	1
134765	135478	1
134765	135590	1
134765	135594	1
134765	135677	1
134765	135741	1
134765	135772	1
134765	135782	1
134765	135841	1
134765	135843	1
134765	135864	1
134765	135866	1
134765	135891	1
134765	135969	1
134765	136056	1
134765	136095	1
134765	136527	1
134765	140250	1
134765	140271	1
134765	168156	1
134765	168597	1
134765	168775	1
134765	169818	1
134765	171073	1
134765	171126	1
134765	172176	1
134765	184776	1
134765	243273	1
134823	135068	1
134823	135168	1
134823	135185	1
134823	135402	1
134823	135437	1
134823	135439	1
134823	135467	1
134823	135474	1
134823	135478	1
134823	135590	1
134823	135594	1
134823	135677	1
134823	135741	1
134823	135772	1
134823	135782	1
134823	135841	1
134823	135843	1
134823	135864	1
134823	135866	1
134823	135891	1
134823	135969	1
134823	136056	1
134823	136095	1
134823	136527	1
134823	140250	1
134823	140271	1
134823	168156	1
134823	168597	1
134823	168775	1
134823	169818	1
134823	171073	1
134823	171126	1
134823	172176	1
134823	184776	1
134823	243273	1
135068	135168	1
135068	135185	1
135068	135402	1
135068	135437	1
135068	135439	1
135068	135467	1
135068	135474	1
135068	135478	1
135068	135590	1
135068	135594	1
135068	135677	1
135068	135741	1
135068	135772	1
135068	135782	1
135068	135841	1
135068	135843	1
135068	135864	1
135068	135866	1
135068	135891	1
135068	135969	1
135068	136056	1
135068	136095	1
135068	136527	1
135068	140250	1
135068	140271	1
135068	168156	1
135068	168597	1
135068	168775	1
135068	169818	1
135068	171073	1
135068	171126	1
135068	172176	1
135068	184776	1
135068	243273	1
135168	135185	1
135168	135402	1
135168	135437	1
135168	135439	1
135168	135467	1
135168	135474	1
135168	135478	1
135168	135590	1
135168	135594	1
135168	135677	1
135168	135741	1
135168	135772	1
135168	135782	1
135168	135841	1
135168	135843	1
135168	135864	1
135168	135866	1
135168	135891	1
135168	135969	1
135168	136056	1
135168	136095	1
135168	136527	1
135168	140250	1
135168	140271	1
135168	168156	1
135168	168597	1
135168	168775	1
135168	169818	1
135168	171073	1
135168	171126	1
135168	172176	1
135168	184776	1
135168	243273	1
135185	135402	1
135185	135437	1
135185	135439	1
135185	135467	1
135185	135474	1
135185	135478	1
135185	135590	1
135185	135594	1
135185	135677	1
135185	135741	1
135185	135772	1
135185	135782	1
135185	135841	1
135185	135843	1
135185	135864	1
135185	135866	1
135185	135891	1
135185	135969	1
135185	136056	1
135185	136095	1
135185	136527	1
135185	140250	1
135185	140271	1
135185	168156	1
135185	168597	1
135185	168775	1
135185	169818	1
135185	171073	1
135185	171126	1
135185	172176	1
135185	184776	1
135185	243273	1
135402	135437	1
135402	135439	1
135402	135467	1
135402	135474	1
135402	135478	1
135402	135590	1
135402	135594	1
135402	135677	1
135402	135741	1
135402	135772	1
135402	135782	1
135402	135841	1
135402	135843	1
135402	135864	1
135402	135866	1
135402	135891	1
135402	135969	1
135402	136056	1
135402	136095	1
135402	136527	1
135402	140250	1
135402	140271	1
135402	168156	1
135402	168597	1
135402	168775	1
135402	169818	1
135402	171073	1
135402	171126	1
135402	172176	1
135402	184776	1
135402	243273	1
135437	135439	1
135437	135467	1
135437	135474	1
135437	135478	1
135437	135590	1
135437	135594	1
135437	135677	1
135437	135741	1
135437	135772	1
135437	135782	1
135437	135841	1
135437	135843	1
135437	135864	1
135437	135866	1
135437	135891	1
135437	135969	1
135437	136056	1
135437	136095	1
135437	136527	1
135437	140250	1
135437	140271	1
135437	168156	1
135437	168597	1
135437	168775	1
135437	169818	1
135437	171073	1
135437	171126	1
135437	172176	1
135437	184776	1
135437	243273	1
135439	135467	1
135439	135474	1
135439	135478	1
135439	135590	1
135439	135594	1
135439	135677	1
135439	135741	1
135439	135772	1
135439	135782	1
135439	135841	1
135439	135843	1
135439	135864	1
135439	135866	1
135439	135891	1
135439	135969	1
135439	136056	1
135439	136095	1
135439	136527	1
135439	140250	1
135439	140271	1
135439	168156	1
135439	168597	1
135439	168775	1
135439	169818	1
135439	171073	1
135439	171126	1
135439	172176	1
135439	184776	1
135439	243273	1
135467	135474	1
135467	135478	1
135467	135590	1
135467	135594	1
135467	135677	1
135467	135741	1
135467	135772	1
135467	135782	1
135467	135841	1
135467	135843	1
135467	135864	1
135467	135866	1
135467	135891	1
135467	135969	1
135467	136056	1
135467	136095	1
135467	136527	1
135467	140250	1
135467	140271	1
135467	168156	1
135467	168597	1
135467	168775	1
135467	169818	1
135467	171073	1
135467	171126	1
135467	172176	1
135467	184776	1
135467	243273	1
135474	135478	1
135474	135590	1
135474	135594	1
135474	135677	1
135474	135741	1
135474	135772	1
135474	135782	1
135474	135841	1
135474	135843	1
135474	135864	1
135474	135866	1
135474	135891	1
135474	135969	1
135474	136056	1
135474	136095	1
135474	136527	1
135474	140250	1
135474	140271	1
135474	168156	1
135474	168597	1
135474	168775	1
135474	169818	1
135474	171073	1
135474	171126	1
135474	172176	1
135474	184776	1
135474	243273	1
135478	135590	1
135478	135594	1
135478	135677	1
135478	135741	1
135478	135772	1
135478	135782	1
135478	135841	1
135478	135843	1
135478	135864	1
135478	135866	1
135478	135891	1
135478	135969	1
135478	136056	1
135478	136095	1
135478	136527	1
135478	140250	1
135478	140271	1
135478	168156	1
135478	168597	1
135478	168775	1
135478	169818	1
135478	171073	1
135478	171126	1
135478	172176	1
135478	184776	1
135478	243273	1
135590	135594	1
135590	135677	1
135590	135741	1
135590	135772	1
135590	135782	1
135590	135841	1
135590	135843	1
135590	135864	1
135590	135866	1
135590	135891	1
135590	135969	1
135590	136056	1
135590	136095	1
135590	136527	1
135590	140250	1
135590	140271	1
135590	168156	1
135590	168597	1
135590	168775	1
135590	169818	1
135590	171073	1
135590	171126	1
135590	172176	1
135590	184776	1
135590	243273	1
135594	135677	1
135594	135741	1
135594	135772	1
135594	135782	1
135594	135841	1
135594	135843	1
135594	135864	1
135594	135866	1
135594	135891	1
135594	135969	1
135594	136056	1
135594	136095	1
135594	136527	1
135594	140250	1
135594	140271	1
135594	168156	1
135594	168597	1
135594	168775	1
135594	169818	1
135594	171073	1
135594	171126	1
135594	172176	1
135594	184776	1
135594	243273	1
135677	135741	1
135677	135772	1
135677	135782	1
135677	135841	1
135677	135843	1
135677	135864	1
135677	135866	1
135677	135891	1
135677	135969	1
135677	136056	1
135677	136095	1
135677	136527	1
135677	140250	1
135677	140271	1
135677	168156	1
135677	168597	1
135677	168775	1
135677	169818	1
135677	171073	1
135677	171126	1
135677	172176	1
135677	184776	1
135677	243273	1
135741	135772	1
135741	135782	1
135741	135841	1
135741	135843	1
135741	135864	1
135741	135866	1
135741	135891	1
135741	135969	1
135741	136056	1
135741	136095	1
135741	136527	1
135741	140250	1
135741	140271	1
135741	168156	1
135741	168597	1
135741	168775	1
135741	169818	1
135741	171073	1
135741	171126	1
135741	172176	1
135741	184776	1
135741	243273	1
135772	135782	1
135772	135841	1
135772	135843	1
135772	135864	1
135772	135866	1
135772	135891	1
135772	135969	1
135772	136056	1
135772	136095	1
135772	136527	1
135772	140250	1
135772	140271	1
135772	168156	1
135772	168597	1
135772	168775	1
135772	169818	1
135772	171073	1
135772	171126	1
135772	172176	1
135772	184776	1
135772	243273	1
135782	135841	1
135782	135843	1
135782	135864	1
135782	135866	1
135782	135891	1
135782	135969	1
135782	136056	1
135782	136095	1
135782	136527	1
135782	140250	1
135782	140271	1
135782	168156	1
135782	168597	1
135782	168775	1
135782	169818	1
135782	171073	1
135782	171126	1
135782	172176	1
135782	184776	1
135782	243273	1
135841	135843	1
135841	135864	1
135841	135866	1
135841	135891	1
135841	135969	1
135841	136056	1
135841	136095	1
135841	136527	1
135841	140250	1
135841	140271	1
135841	168156	1
135841	168597	1
135841	168775	1
135841	169818	1
135841	171073	1
135841	171126	1
135841	172176	1
135841	184776	1
135841	243273	1
135843	135864	1
135843	135866	1
135843	135891	1
135843	135969	1
135843	136056	1
135843	136095	1
135843	136527	1
135843	140250	1
135843	140271	1
135843	168156	1
135843	168597	1
135843	168775	1
135843	169818	1
135843	171073	1
135843	171126	1
135843	172176	1
135843	184776	1
135843	243273	1
135864	135866	1
135864	135891	1
135864	135969	1
135864	136056	1
135864	136095	1
135864	136527	1
135864	140250	1
135864	140271	1
135864	168156	1
135864	168597	1
135864	168775	1
135864	169818	1
135864	171073	1
135864	171126	1
135864	172176	1
135864	184776	1
135864	243273	1
135866	135891	1
135866	135969	1
135866	136056	1
135866	136095	1
135866	136527	1
135866	140250	1
135866	140271	1
135866	168156	1
135866	168597	1
135866	168775	1
135866	169818	1
135866	171073	1
135866	171126	1
135866	172176	1
135866	184776	1
135866	243273	1
135891	135969	1
135891	136056	1
135891	136095	1
135891	136527	1
135891	140250	1
135891	140271	1
135891	168156	1
135891	168597	1
135891	168775	1
135891	169818	1
135891	171073	1
135891	171126	1
135891	172176	1
135891	184776	1
135891	243273	1
135969	136056	1
135969	136095	1
135969	136527	1
135969	140250	1
135969	140271	1
135969	168156	1
135969	168597	1
135969	168775	1
135969	169818	1
135969	171073	1
135969	171126	1
135969	172176	1
135969	184776	1
135969	243273	1
136056	136095	1
136056	136527	1
136056	140250	1
136056	140271	1
136056	168156	1
136056	168597	1
136056	168775	1
136056	169818	1
136056	171073	1
136056	171126	1
136056	172176	1
136056	184776	1
136056	243273	1
136095	136527	1
136095	140250	1
136095	140271	1
136095	168156	1
136095	168597	1
136095	168775	1
136095	169818	1
136095	171073	1
136095	171126	1
136095	172176	1
136095	184776	1
136095	243273	1
136527	140250	1
136527	140271	1
136527	168156	1
136527	168597	1
136527	168775	1
136527	169818	1
136527	171073	1
136527	171126	1
136527	172176	1
136527	184776	1
136527	243273	1
140250	140271	1
140250	168156	1
140250	168597	1
140250	168775	1
140250	169818	1
140250	171073	1
140250	171126	1
140250	172176	1
140250	184776	1
140250	243273	1
140271	168156	1
140271	168597	1
140271	168775	1
140271	169818	1
140271	171073	1
140271	171126	1
140271	172176	1
140271	184776	1
140271	243273	1
168156	168597	1
168156	168775	1
168156	169818	1
168156	171073	1
168156	171126	1
168156	172176	1
168156	184776	1
168156	243273	1
168597	168775	1
168597	169818	1
168597	171073	1
168597	171126	1
168597	172176	1
168597	184776	1
168597	243273	1
168775	169818	1
168775	171073	1
168775	171126	1
168775	172176	1
168775	184776	1
168775	243273	1
169818	171073	1
169818	171126	1
169818	172176	1
169818	184776	1
169818	243273	1
171073	171126	1
171073	172176	1
171073	184776	1
171073	243273	1
171126	172176	1
171126	184776	1
171126	243273	1
172176	184776	1
172176	243273	1
184776	243273	1
53485	131889	1
53485	133758	1
53485	135984	1
131889	133758	1
131889	135984	1
133758	135984	1
